0.2200000000, 0.1057658826
0.2201500000, 0.1067600002
0.2203000000, 0.1077670067
0.2204500000, 0.1087871149
0.2206000000, 0.1098205420
0.2207500000, 0.1108675093
0.2209000000, 0.1119282426
0.2210500000, 0.1130029723
0.2212000000, 0.1140919331
0.2213500000, 0.1151953647
0.2215000000, 0.1163135114
0.2216500000, 0.1174466226
0.2218000000, 0.1185949525
0.2219500000, 0.1197587607
0.2221000000, 0.1209383117
0.2222500000, 0.1221338758
0.2224000000, 0.1233457284
0.2225500000, 0.1245741509
0.2227000000, 0.1258194300
0.2228500000, 0.1270818588
0.2230000000, 0.1283617360
0.2231500000, 0.1296593667
0.2233000000, 0.1309750622
0.2234500000, 0.1323091403
0.2236000000, 0.1336619253
0.2237500000, 0.1350337483
0.2239000000, 0.1364249474
0.2240500000, 0.1378358676
0.2242000000, 0.1392668612
0.2243500000, 0.1407182880
0.2245000000, 0.1421905150
0.2246500000, 0.1436839175
0.2248000000, 0.1451988782
0.2249500000, 0.1467357881
0.2251000000, 0.1482950466
0.2252500000, 0.1498770615
0.2254000000, 0.1514822493
0.2255500000, 0.1531110352
0.2257000000, 0.1547638537
0.2258500000, 0.1564411485
0.2260000000, 0.1581433729
0.2261500000, 0.1598709899
0.2263000000, 0.1616244724
0.2264500000, 0.1634043035
0.2266000000, 0.1652109768
0.2267500000, 0.1670449965
0.2269000000, 0.1689068777
0.2270500000, 0.1707971467
0.2272000000, 0.1727163413
0.2273500000, 0.1746650108
0.2275000000, 0.1766437165
0.2276500000, 0.1786530320
0.2278000000, 0.1806935435
0.2279500000, 0.1827658496
0.2281000000, 0.1848705624
0.2282500000, 0.1870083070
0.2284000000, 0.1891797226
0.2285500000, 0.1913854619
0.2287000000, 0.1936261922
0.2288500000, 0.1959025952
0.2290000000, 0.1982153678
0.2291500000, 0.2005652219
0.2293000000, 0.2029528851
0.2294500000, 0.2053791008
0.2296000000, 0.2078446288
0.2297500000, 0.2103502456
0.2299000000, 0.2128967444
0.2300500000, 0.2154849359
0.2302000000, 0.2181156485
0.2303500000, 0.2207897286
0.2305000000, 0.2235080410
0.2306500000, 0.2262714694
0.2308000000, 0.2290809165
0.2309500000, 0.2319373048
0.2311000000, 0.2348415764
0.2312500000, 0.2377946941
0.2314000000, 0.2407976410
0.2315500000, 0.2438514217
0.2317000000, 0.2469570619
0.2318500000, 0.2501156094
0.2320000000, 0.2533281341
0.2321500000, 0.2565957285
0.2323000000, 0.2599195081
0.2324500000, 0.2633006119
0.2326000000, 0.2667402023
0.2327500000, 0.2702394663
0.2329000000, 0.2737996147
0.2330500000, 0.2774218834
0.2332000000, 0.2811075335
0.2333500000, 0.2848578512
0.2335000000, 0.2886741487
0.2336500000, 0.2925577639
0.2338000000, 0.2965100610
0.2339500000, 0.3005324309
0.2341000000, 0.3046262909
0.2342500000, 0.3087930854
0.2344000000, 0.3130342856
0.2345500000, 0.3173513901
0.2347000000, 0.3217459246
0.2348500000, 0.3262194420
0.2350000000, 0.3307735225
0.2351500000, 0.3354097737
0.2353000000, 0.3401298302
0.2354500000, 0.3449353534
0.2356000000, 0.3498280316
0.2357500000, 0.3548095794
0.2359000000, 0.3598817375
0.2360500000, 0.3650462722
0.2362000000, 0.3703049747
0.2363500000, 0.3756596607
0.2365000000, 0.3811121694
0.2366500000, 0.3866643629
0.2368000000, 0.3923181250
0.2369500000, 0.3980753602
0.2371000000, 0.4039379922
0.2372500000, 0.4099079629
0.2374000000, 0.4159872305
0.2375500000, 0.4221777679
0.2377000000, 0.4284815606
0.2378500000, 0.4349006050
0.2380000000, 0.4414369052
0.2381500000, 0.4480924714
0.2383000000, 0.4548693163
0.2384500000, 0.4617694526
0.2386000000, 0.4687948891
0.2387500000, 0.4759476276
0.2389000000, 0.4832296583
0.2390500000, 0.4906429561
0.2392000000, 0.4981894756
0.2393500000, 0.5058711462
0.2395000000, 0.5136898667
0.2396500000, 0.5216474992
0.2398000000, 0.5297458634
0.2399500000, 0.5379867294
0.2401000000, 0.5463718108
0.2402500000, 0.5549027566
0.2404000000, 0.5635811437
0.2405500000, 0.5724084673
0.2407000000, 0.5813861322
0.2408500000, 0.5905154428
0.2410000000, 0.5997975920
0.2411500000, 0.6092336509
0.2413000000, 0.6188245563
0.2414500000, 0.6285710985
0.2416000000, 0.6384739082
0.2417500000, 0.6485334425
0.2419000000, 0.6587499704
0.2420500000, 0.6691235574
0.2422000000, 0.6796540498
0.2423500000, 0.6903410578
0.2425000000, 0.7011839379
0.2426500000, 0.7121817752
0.2428000000, 0.7233333644
0.2429500000, 0.7346371904
0.2431000000, 0.7460914081
0.2432500000, 0.7576938223
0.2434000000, 0.7694418658
0.2435500000, 0.7813325786
0.2437000000, 0.7933625854
0.2438500000, 0.8055280736
0.2440000000, 0.8178247708
0.2441500000, 0.8302479223
0.2443000000, 0.8427922687
0.2444500000, 0.8554520233
0.2446000000, 0.8682208508
0.2447500000, 0.8810918455
0.2449000000, 0.8940575105
0.2450500000, 0.9071097388
0.2452000000, 0.9202397940
0.2453500000, 0.9334382934
0.2455000000, 0.9466951931
0.2456500000, 0.9599997739
0.2458000000, 0.9733406304
0.2459500000, 0.9867056625
0.2461000000, 1.0000820692
0.2462500000, 1.0134563465
0.2464000000, 1.0268142881
0.2465500000, 1.0401409900
0.2467000000, 1.0534208595
0.2468500000, 1.0666376285
0.2470000000, 1.0797743717
0.2471500000, 1.0928135296
0.2473000000, 1.1057369369
0.2474500000, 1.1185258565
0.2476000000, 1.1311610187
0.2477500000, 1.1436226671
0.2479000000, 1.1558906095
0.2480500000, 1.1679442753
0.2482000000, 1.1797627783
0.2483500000, 1.1913249861
0.2485000000, 1.2026095938
0.2486500000, 1.2135952044
0.2488000000, 1.2242604136
0.2489500000, 1.2345838985
0.2491000000, 1.2445445117
0.2492500000, 1.2541213777
0.2494000000, 1.2632939926
0.2495500000, 1.2720423256
0.2497000000, 1.2803469223
0.2498500000, 1.2881890071
0.2500000000, 1.2955505863
0.2501500000, 1.3024145486
0.2503000000, 1.3087647637
0.2504500000, 1.3145861769
0.2506000000, 1.3198648992
0.2507500000, 1.3245882918
0.2509000000, 1.3287450444
0.2510500000, 1.3323252450
0.2512000000, 1.3353204431
0.2513500000, 1.3377237026
0.2515000000, 1.3395296454
0.2516500000, 1.3407344851
0.2518000000, 1.3413360503
0.2519500000, 1.3413337962
0.2521000000, 1.3407288065
0.2522500000, 1.3395237831
0.2524000000, 1.3377230262
0.2525500000, 1.3353324026
0.2527000000, 1.3323593048
0.2528500000, 1.3288126001
0.2530000000, 1.3247025710
0.2531500000, 1.3200408464
0.2533000000, 1.3148403268
0.2534500000, 1.3091151017
0.2536000000, 1.3028803618
0.2537500000, 1.2961523068
0.2539000000, 1.2889480492
0.2540500000, 1.2812855153
0.2542000000, 1.2731833450
0.2543500000, 1.2646607901
0.2545000000, 1.2557376139
0.2546500000, 1.2464339905
0.2548000000, 1.2367704072
0.2549500000, 1.2267675684
0.2551000000, 1.2164463040
0.2552500000, 1.2058274802
0.2554000000, 1.1949319160
0.2555500000, 1.1837803036
0.2557000000, 1.1723931343
0.2558500000, 1.1607906299
0.2560000000, 1.1489926791
0.2561500000, 1.1370187805
0.2563000000, 1.1248879903
0.2564500000, 1.1126188766
0.2566000000, 1.1002294786
0.2567500000, 1.0877372723
0.2569000000, 1.0751591401
0.2570500000, 1.0625113470
0.2572000000, 1.0498095209
0.2573500000, 1.0370686377
0.2575000000, 1.0243030106
0.2576500000, 1.0115262838
0.2578000000, 0.9987514300
0.2579500000, 0.9859907507
0.2581000000, 0.9732558805
0.2582500000, 0.9605577937
0.2584000000, 0.9479068137
0.2585500000, 0.9353126243
0.2587000000, 0.9227842836
0.2588500000, 0.9103302387
0.2590000000, 0.8979583431
0.2591500000, 0.8856758739
0.2593000000, 0.8734895512
0.2594500000, 0.8614055576
0.2596000000, 0.8494295585
0.2597500000, 0.8375667229
0.2599000000, 0.8258217441
0.2600500000, 0.8141988614
0.2602000000, 0.8027018806
0.2603500000, 0.7913341955
0.2605000000, 0.7800988082
0.2606500000, 0.7689983500
0.2608000000, 0.7580351014
0.2609500000, 0.7472110117
0.2611000000, 0.7365277179
0.2612500000, 0.7259865641
0.2614000000, 0.7155886185
0.2615500000, 0.7053346917
0.2617000000, 0.6952253531
0.2618500000, 0.6852609471
0.2620000000, 0.6754416086
0.2621500000, 0.6657672780
0.2623000000, 0.6562377151
0.2624500000, 0.6468525128
0.2626000000, 0.6376111101
0.2627500000, 0.6285128040
0.2629000000, 0.6195567614
0.2630500000, 0.6107420300
0.2632000000, 0.6020675487
0.2633500000, 0.5935321575
0.2635000000, 0.5851346065
0.2636500000, 0.5768735652
0.2638000000, 0.5687476298
0.2639500000, 0.5607553319
0.2641000000, 0.5528951450
0.2642500000, 0.5451654915
0.2644000000, 0.5375647492
0.2645500000, 0.5300912568
0.2647000000, 0.5227433199
0.2648500000, 0.5155192157
0.2650000000, 0.5084171981
0.2651500000, 0.5014355017
0.2653000000, 0.4945723465
0.2654500000, 0.4878259411
0.2656000000, 0.4811944868
0.2657500000, 0.4746761801
0.2659000000, 0.4682692165
0.2660500000, 0.4619717927
0.2662000000, 0.4557821092
0.2663500000, 0.4496983729
0.2665000000, 0.4437187988
0.2666500000, 0.4378416122
0.2668000000, 0.4320650501
0.2669500000, 0.4263873634
0.2671000000, 0.4208068177
0.2672500000, 0.4153216950
0.2674000000, 0.4099302944
0.2675500000, 0.4046309337
0.2677000000, 0.3994219499
0.2678500000, 0.3943017001
0.2680000000, 0.3892685624
0.2681500000, 0.3843209360
0.2683000000, 0.3794572424
0.2684500000, 0.3746759253
0.2686000000, 0.3699754512
0.2687500000, 0.3653543099
0.2689000000, 0.3608110143
0.2690500000, 0.3563441008
0.2692000000, 0.3519521297
0.2693500000, 0.3476336847
0.2695000000, 0.3433873735
0.2696500000, 0.3392118275
0.2698000000, 0.3351057018
0.2699500000, 0.3310676751
0.2701000000, 0.3270964499
0.2702500000, 0.3231907518
0.2704000000, 0.3193493299
0.2705500000, 0.3155709561
0.2707000000, 0.3118544256
0.2708500000, 0.3081985558
0.2710000000, 0.3046021869
0.2711500000, 0.3010641809
0.2713000000, 0.2975834221
0.2714500000, 0.2941588162
0.2716000000, 0.2907892902
0.2717500000, 0.2874737922
0.2719000000, 0.2842112912
0.2720500000, 0.2810007765
0.2722000000, 0.2778412575
0.2723500000, 0.2747317635
0.2725000000, 0.2716713433
0.2726500000, 0.2686590647
0.2728000000, 0.2656940145
0.2729500000, 0.2627752981
0.2731000000, 0.2599020389
0.2732500000, 0.2570733782
0.2734000000, 0.2542884749
0.2735500000, 0.2515465052
0.2737000000, 0.2488466621
0.2738500000, 0.2461881550
0.2740000000, 0.2435702100
0.2741500000, 0.2409920688
0.2743000000, 0.2384529887
0.2744500000, 0.2359522426
0.2746000000, 0.2334891182
0.2747500000, 0.2310629180
0.2749000000, 0.2286729588
0.2750500000, 0.2263185718
0.2752000000, 0.2239991017
0.2753500000, 0.2217139070
0.2755000000, 0.2194623593
0.2756500000, 0.2172438433
0.2758000000, 0.2150577564
0.2759500000, 0.2129035085
0.2761000000, 0.2107805214
0.2762500000, 0.2086882293
0.2764000000, 0.2066260777
0.2765500000, 0.2045935236
0.2767000000, 0.2025900352
0.2768500000, 0.2006150918
0.2770000000, 0.1986681832
0.2771500000, 0.1967488097
0.2773000000, 0.1948564819
0.2774500000, 0.1929907203
0.2776000000, 0.1911510555
0.2777500000, 0.1893370273
0.2779000000, 0.1875481851
0.2780500000, 0.1857840875
0.2782000000, 0.1840443020
0.2783500000, 0.1823284049
0.2785000000, 0.1806359810
0.2786500000, 0.1789666237
0.2788000000, 0.1773199345
0.2789500000, 0.1756955227
0.2791000000, 0.1740930060
0.2792500000, 0.1725120092
0.2794000000, 0.1709521650
0.2795500000, 0.1694131133
0.2797000000, 0.1678945013
0.2798500000, 0.1663959830
0.2800000000, 0.1649172196