0.2200000000, 0.0364847521
0.2201500000, 0.0366988902
0.2203000000, 0.0369147704
0.2204500000, 0.0371324108
0.2206000000, 0.0373518300
0.2207500000, 0.0375730468
0.2209000000, 0.0377960803
0.2210500000, 0.0380209496
0.2212000000, 0.0382476743
0.2213500000, 0.0384762743
0.2215000000, 0.0387067695
0.2216500000, 0.0389391802
0.2218000000, 0.0391735271
0.2219500000, 0.0394098309
0.2221000000, 0.0396481129
0.2222500000, 0.0398883943
0.2224000000, 0.0401306969
0.2225500000, 0.0403750426
0.2227000000, 0.0406214537
0.2228500000, 0.0408699528
0.2230000000, 0.0411205627
0.2231500000, 0.0413733066
0.2233000000, 0.0416282080
0.2234500000, 0.0418852907
0.2236000000, 0.0421445788
0.2237500000, 0.0424060967
0.2239000000, 0.0426698693
0.2240500000, 0.0429359217
0.2242000000, 0.0432042792
0.2243500000, 0.0434749678
0.2245000000, 0.0437480137
0.2246500000, 0.0440234432
0.2248000000, 0.0443012834
0.2249500000, 0.0445815614
0.2251000000, 0.0448643050
0.2252500000, 0.0451495422
0.2254000000, 0.0454373013
0.2255500000, 0.0457276112
0.2257000000, 0.0460205011
0.2258500000, 0.0463160007
0.2260000000, 0.0466141399
0.2261500000, 0.0469149492
0.2263000000, 0.0472184596
0.2264500000, 0.0475247024
0.2266000000, 0.0478337093
0.2267500000, 0.0481455126
0.2269000000, 0.0484601449
0.2270500000, 0.0487776395
0.2272000000, 0.0490980300
0.2273500000, 0.0494213504
0.2275000000, 0.0497476355
0.2276500000, 0.0500769202
0.2278000000, 0.0504092403
0.2279500000, 0.0507446319
0.2281000000, 0.0510831315
0.2282500000, 0.0514247765
0.2284000000, 0.0517696045
0.2285500000, 0.0521176539
0.2287000000, 0.0524689635
0.2288500000, 0.0528235727
0.2290000000, 0.0531815216
0.2291500000, 0.0535428508
0.2293000000, 0.0539076014
0.2294500000, 0.0542758153
0.2296000000, 0.0546475349
0.2297500000, 0.0550228033
0.2299000000, 0.0554016643
0.2300500000, 0.0557841622
0.2302000000, 0.0561703421
0.2303500000, 0.0565602496
0.2305000000, 0.0569539313
0.2306500000, 0.0573514342
0.2308000000, 0.0577528063
0.2309500000, 0.0581580960
0.2311000000, 0.0585673528
0.2312500000, 0.0589806266
0.2314000000, 0.0593979684
0.2315500000, 0.0598194297
0.2317000000, 0.0602450631
0.2318500000, 0.0606749216
0.2320000000, 0.0611090596
0.2321500000, 0.0615475317
0.2323000000, 0.0619903938
0.2324500000, 0.0624377026
0.2326000000, 0.0628895156
0.2327500000, 0.0633458912
0.2329000000, 0.0638068888
0.2330500000, 0.0642725687
0.2332000000, 0.0647429922
0.2333500000, 0.0652182214
0.2335000000, 0.0656983196
0.2336500000, 0.0661833511
0.2338000000, 0.0666733811
0.2339500000, 0.0671684759
0.2341000000, 0.0676687028
0.2342500000, 0.0681741305
0.2344000000, 0.0686848284
0.2345500000, 0.0692008673
0.2347000000, 0.0697223190
0.2348500000, 0.0702492565
0.2350000000, 0.0707817541
0.2351500000, 0.0713198872
0.2353000000, 0.0718637325
0.2354500000, 0.0724133680
0.2356000000, 0.0729688728
0.2357500000, 0.0735303276
0.2359000000, 0.0740978142
0.2360500000, 0.0746714159
0.2362000000, 0.0752512174
0.2363500000, 0.0758373046
0.2365000000, 0.0764297650
0.2366500000, 0.0770286878
0.2368000000, 0.0776341633
0.2369500000, 0.0782462836
0.2371000000, 0.0788651422
0.2372500000, 0.0794908343
0.2374000000, 0.0801234567
0.2375500000, 0.0807631078
0.2377000000, 0.0814098877
0.2378500000, 0.0820638984
0.2380000000, 0.0827252434
0.2381500000, 0.0833940280
0.2383000000, 0.0840703596
0.2384500000, 0.0847543472
0.2386000000, 0.0854461017
0.2387500000, 0.0861457361
0.2389000000, 0.0868533652
0.2390500000, 0.0875691061
0.2392000000, 0.0882930776
0.2393500000, 0.0890254008
0.2395000000, 0.0897661988
0.2396500000, 0.0905155971
0.2398000000, 0.0912737233
0.2399500000, 0.0920407072
0.2401000000, 0.0928166811
0.2402500000, 0.0936017795
0.2404000000, 0.0943961394
0.2405500000, 0.0951999001
0.2407000000, 0.0960132037
0.2408500000, 0.0968361948
0.2410000000, 0.0976690203
0.2411500000, 0.0985118302
0.2413000000, 0.0993647769
0.2414500000, 0.1002280159
0.2416000000, 0.1011017052
0.2417500000, 0.1019860059
0.2419000000, 0.1028810820
0.2420500000, 0.1037871007
0.2422000000, 0.1047042320
0.2423500000, 0.1056326492
0.2425000000, 0.1065725288
0.2426500000, 0.1075240507
0.2428000000, 0.1084873978
0.2429500000, 0.1094627569
0.2431000000, 0.1104503179
0.2432500000, 0.1114502746
0.2434000000, 0.1124628241
0.2435500000, 0.1134881674
0.2437000000, 0.1145265094
0.2438500000, 0.1155780587
0.2440000000, 0.1166430279
0.2441500000, 0.1177216338
0.2443000000, 0.1188140971
0.2444500000, 0.1199206429
0.2446000000, 0.1210415005
0.2447500000, 0.1221769037
0.2449000000, 0.1233270907
0.2450500000, 0.1244923044
0.2452000000, 0.1256727922
0.2453500000, 0.1268688066
0.2455000000, 0.1280806046
0.2456500000, 0.1293084486
0.2458000000, 0.1305526058
0.2459500000, 0.1318133487
0.2461000000, 0.1330909552
0.2462500000, 0.1343857086
0.2464000000, 0.1356978977
0.2465500000, 0.1370278171
0.2467000000, 0.1383757670
0.2468500000, 0.1397420536
0.2470000000, 0.1411269894
0.2471500000, 0.1425308925
0.2473000000, 0.1439540881
0.2474500000, 0.1453969070
0.2476000000, 0.1468596872
0.2477500000, 0.1483427731
0.2479000000, 0.1498465161
0.2480500000, 0.1513712746
0.2482000000, 0.1529174141
0.2483500000, 0.1544853074
0.2485000000, 0.1560753347
0.2486500000, 0.1576878841
0.2488000000, 0.1593233512
0.2489500000, 0.1609821398
0.2491000000, 0.1626646613
0.2492500000, 0.1643713362
0.2494000000, 0.1661025926
0.2495500000, 0.1678588677
0.2497000000, 0.1696406077
0.2498500000, 0.1714482671
0.2500000000, 0.1732823103
0.2501500000, 0.1751432107
0.2503000000, 0.1770314512
0.2504500000, 0.1789475246
0.2506000000, 0.1808919336
0.2507500000, 0.1828651912
0.2509000000, 0.1848678204
0.2510500000, 0.1869003551
0.2512000000, 0.1889633397
0.2513500000, 0.1910573297
0.2515000000, 0.1931828918
0.2516500000, 0.1953406041
0.2518000000, 0.1975310562
0.2519500000, 0.1997548497
0.2521000000, 0.2020125982
0.2522500000, 0.2043049275
0.2524000000, 0.2066324759
0.2525500000, 0.2089958947
0.2527000000, 0.2113958478
0.2528500000, 0.2138330124
0.2530000000, 0.2163080794
0.2531500000, 0.2188217530
0.2533000000, 0.2213747514
0.2534500000, 0.2239678068
0.2536000000, 0.2266016659
0.2537500000, 0.2292770900
0.2539000000, 0.2319948548
0.2540500000, 0.2347557514
0.2542000000, 0.2375605860
0.2543500000, 0.2404101802
0.2545000000, 0.2433053710
0.2546500000, 0.2462470118
0.2548000000, 0.2492359714
0.2549500000, 0.2522731355
0.2551000000, 0.2553594057
0.2552500000, 0.2584957003
0.2554000000, 0.2616829544
0.2555500000, 0.2649221203
0.2557000000, 0.2682141669
0.2558500000, 0.2715600805
0.2560000000, 0.2749608646
0.2561500000, 0.2784175403
0.2563000000, 0.2819311460
0.2564500000, 0.2855027377
0.2566000000, 0.2891333887
0.2567500000, 0.2928241906
0.2569000000, 0.2965762517
0.2570500000, 0.3003906983
0.2572000000, 0.3042686743
0.2573500000, 0.3082113404
0.2575000000, 0.3122198752
0.2576500000, 0.3162954737
0.2578000000, 0.3204393484
0.2579500000, 0.3246527277
0.2581000000, 0.3289368568
0.2582500000, 0.3332929962
0.2584000000, 0.3377224226
0.2585500000, 0.3422264269
0.2587000000, 0.3468063149
0.2588500000, 0.3514634061
0.2590000000, 0.3561990333
0.2591500000, 0.3610145414
0.2593000000, 0.3659112867
0.2594500000, 0.3708906365
0.2596000000, 0.3759539678
0.2597500000, 0.3811026650
0.2599000000, 0.3863381204
0.2600500000, 0.3916617322
0.2602000000, 0.3970749023
0.2603500000, 0.4025790357
0.2605000000, 0.4081755380
0.2606500000, 0.4138658142
0.2608000000, 0.4196512660
0.2609500000, 0.4255332894
0.2611000000, 0.4315132734
0.2612500000, 0.4375925964
0.2614000000, 0.4437726238
0.2615500000, 0.4500547045
0.2617000000, 0.4564401686
0.2618500000, 0.4629303240
0.2620000000, 0.4695264509
0.2621500000, 0.4762298009
0.2623000000, 0.4830415897
0.2624500000, 0.4899629951
0.2626000000, 0.4969951513
0.2627500000, 0.5041391431
0.2629000000, 0.5113960027
0.2630500000, 0.5187667013
0.2632000000, 0.5262521461
0.2633500000, 0.5338531714
0.2635000000, 0.5415705335
0.2636500000, 0.5494049033
0.2638000000, 0.5573568589
0.2639500000, 0.5654268777
0.2641000000, 0.5736153279
0.2642500000, 0.5819224618
0.2644000000, 0.5903484048
0.2645500000, 0.5988931465
0.2647000000, 0.6075565318
0.2648500000, 0.6163382505
0.2650000000, 0.6252378270
0.2651500000, 0.6342546080
0.2653000000, 0.6433877532
0.2654500000, 0.6526362232
0.2656000000, 0.6619987669
0.2657500000, 0.6714739089
0.2659000000, 0.6810599394
0.2660500000, 0.6907548977
0.2662000000, 0.7005565623
0.2663500000, 0.7104624366
0.2665000000, 0.7204697348
0.2666500000, 0.7305753685
0.2668000000, 0.7407759354
0.2669500000, 0.7510677026
0.2671000000, 0.7614465966
0.2672500000, 0.7719081872
0.2674000000, 0.7824476762
0.2675500000, 0.7930598858
0.2677000000, 0.8037392447
0.2678500000, 0.8144797779
0.2680000000, 0.8252750968
0.2681500000, 0.8361183886
0.2683000000, 0.8470024068
0.2684500000, 0.8579194659
0.2686000000, 0.8688614333
0.2687500000, 0.8798197257
0.2689000000, 0.8907853058
0.2690500000, 0.9017486798
0.2692000000, 0.9126998987
0.2693500000, 0.9236285626
0.2695000000, 0.9345238227
0.2696500000, 0.9453743923
0.2698000000, 0.9561685523
0.2699500000, 0.9668941689
0.2701000000, 0.9775387054
0.2702500000, 0.9880892432
0.2704000000, 0.9985325022
0.2705500000, 1.0088548668
0.2707000000, 1.0190424125
0.2708500000, 1.0290809393
0.2710000000, 1.0389560037
0.2711500000, 1.0486529599
0.2713000000, 1.0581569983
0.2714500000, 1.0674531920
0.2716000000, 1.0765265424
0.2717500000, 1.0853620287
0.2719000000, 1.0939446627
0.2720500000, 1.1022595436
0.2722000000, 1.1102919119
0.2723500000, 1.1180272137
0.2725000000, 1.1254511548
0.2726500000, 1.1325497679
0.2728000000, 1.1393094684
0.2729500000, 1.1457171225
0.2731000000, 1.1517601040
0.2732500000, 1.1574263545
0.2734000000, 1.1627044474
0.2735500000, 1.1675836412
0.2737000000, 1.1720539356
0.2738500000, 1.1761061214
0.2740000000, 1.1797318322
0.2741500000, 1.1829235868
0.2743000000, 1.1856748310
0.2744500000, 1.1879799709
0.2746000000, 1.1898344036
0.2747500000, 1.1912345448
0.2749000000, 1.1921778434
0.2750500000, 1.1926628010
0.2752000000, 1.1926889732
0.2753500000, 1.1922569726
0.2755000000, 1.1913684677
0.2756500000, 1.1900261674
0.2758000000, 1.1882338047
0.2759500000, 1.1859961186
0.2761000000, 1.1833188194
0.2762500000, 1.1802085627
0.2764000000, 1.1766729048
0.2765500000, 1.1727202656
0.2767000000, 1.1683598784
0.2768500000, 1.1636017424
0.2770000000, 1.1584565680
0.2771500000, 1.1529357230
0.2773000000, 1.1470511720
0.2774500000, 1.1408154206
0.2776000000, 1.1342414532
0.2777500000, 1.1273426711
0.2779000000, 1.1201328357
0.2780500000, 1.1126260046
0.2782000000, 1.1048364710
0.2783500000, 1.0967787096
0.2785000000, 1.0884673153
0.2786500000, 1.0799169515
0.2788000000, 1.0711422960
0.2789500000, 1.0621579903
0.2791000000, 1.0529785928
0.2792500000, 1.0436185348
0.2794000000, 1.0340920772
0.2795500000, 1.0244132725
0.2797000000, 1.0145959299
0.2798500000, 1.0046535824
0.2800000000, 0.9945994574