0.2200000000, 0.1050795257
0.2201500000, 0.1060648872
0.2203000000, 0.1070629947
0.2204500000, 0.1080740583
0.2206000000, 0.1090982923
0.2207500000, 0.1101359151
0.2209000000, 0.1111871495
0.2210500000, 0.1122522228
0.2212000000, 0.1133313666
0.2213500000, 0.1144248175
0.2215000000, 0.1155328165
0.2216500000, 0.1166556095
0.2218000000, 0.1177934475
0.2219500000, 0.1189465865
0.2221000000, 0.1201152874
0.2222500000, 0.1212998169
0.2224000000, 0.1225004467
0.2225500000, 0.1237174543
0.2227000000, 0.1249511226
0.2228500000, 0.1262017405
0.2230000000, 0.1274696028
0.2231500000, 0.1287550103
0.2233000000, 0.1300582702
0.2234500000, 0.1313796956
0.2236000000, 0.1327196067
0.2237500000, 0.1340783298
0.2239000000, 0.1354561983
0.2240500000, 0.1368535525
0.2242000000, 0.1382707397
0.2243500000, 0.1397081147
0.2245000000, 0.1411660395
0.2246500000, 0.1426448839
0.2248000000, 0.1441450254
0.2249500000, 0.1456668496
0.2251000000, 0.1472107501
0.2252500000, 0.1487771289
0.2254000000, 0.1503663967
0.2255500000, 0.1519789727
0.2257000000, 0.1536152851
0.2258500000, 0.1552757716
0.2260000000, 0.1569608787
0.2261500000, 0.1586710629
0.2263000000, 0.1604067904
0.2264500000, 0.1621685374
0.2266000000, 0.1639567903
0.2267500000, 0.1657720462
0.2269000000, 0.1676148128
0.2270500000, 0.1694856087
0.2272000000, 0.1713849640
0.2273500000, 0.1733134202
0.2275000000, 0.1752715304
0.2276500000, 0.1772598599
0.2278000000, 0.1792789864
0.2279500000, 0.1813294999
0.2281000000, 0.1834120036
0.2282500000, 0.1855271136
0.2284000000, 0.1876754597
0.2285500000, 0.1898576852
0.2287000000, 0.1920744477
0.2288500000, 0.1943264191
0.2290000000, 0.1966142861
0.2291500000, 0.1989387501
0.2293000000, 0.2013005284
0.2294500000, 0.2037003534
0.2296000000, 0.2061389741
0.2297500000, 0.2086171554
0.2299000000, 0.2111356793
0.2300500000, 0.2136953446
0.2302000000, 0.2162969678
0.2303500000, 0.2189413829
0.2305000000, 0.2216294423
0.2306500000, 0.2243620170
0.2308000000, 0.2271399967
0.2309500000, 0.2299642905
0.2311000000, 0.2328358272
0.2312500000, 0.2357555556
0.2314000000, 0.2387244450
0.2315500000, 0.2417434854
0.2317000000, 0.2448136882
0.2318500000, 0.2479360862
0.2320000000, 0.2511117343
0.2321500000, 0.2543417097
0.2323000000, 0.2576271123
0.2324500000, 0.2609690652
0.2326000000, 0.2643687148
0.2327500000, 0.2678272315
0.2329000000, 0.2713458099
0.2330500000, 0.2749256688
0.2332000000, 0.2785680524
0.2333500000, 0.2822742296
0.2335000000, 0.2860454950
0.2336500000, 0.2898831691
0.2338000000, 0.2937885983
0.2339500000, 0.2977631552
0.2341000000, 0.3018082393
0.2342500000, 0.3059252764
0.2344000000, 0.3101157196
0.2345500000, 0.3143810489
0.2347000000, 0.3187227714
0.2348500000, 0.3231424215
0.2350000000, 0.3276415608
0.2351500000, 0.3322217784
0.2353000000, 0.3368846903
0.2354500000, 0.3416319397
0.2356000000, 0.3464651964
0.2357500000, 0.3513861572
0.2359000000, 0.3563965448
0.2360500000, 0.3614981081
0.2362000000, 0.3666926211
0.2363500000, 0.3719818828
0.2365000000, 0.3773677162
0.2366500000, 0.3828519676
0.2368000000, 0.3884365059
0.2369500000, 0.3941232211
0.2371000000, 0.3999140238
0.2372500000, 0.4058108430
0.2374000000, 0.4118156257
0.2375500000, 0.4179303344
0.2377000000, 0.4241569455
0.2378500000, 0.4304974476
0.2380000000, 0.4369538390
0.2381500000, 0.4435281253
0.2383000000, 0.4502223170
0.2384500000, 0.4570384261
0.2386000000, 0.4639784632
0.2387500000, 0.4710444344
0.2389000000, 0.4782383367
0.2390500000, 0.4855621546
0.2392000000, 0.4930178556
0.2393500000, 0.5006073852
0.2395000000, 0.5083326617
0.2396500000, 0.5161955711
0.2398000000, 0.5241979606
0.2399500000, 0.5323416326
0.2401000000, 0.5406283375
0.2402500000, 0.5490597667
0.2404000000, 0.5576375442
0.2405500000, 0.5663632190
0.2407000000, 0.5752382552
0.2408500000, 0.5842640234
0.2410000000, 0.5934417897
0.2411500000, 0.6027727058
0.2413000000, 0.6122577969
0.2414500000, 0.6218979502
0.2416000000, 0.6316939017
0.2417500000, 0.6416462232
0.2419000000, 0.6517553082
0.2420500000, 0.6620213569
0.2422000000, 0.6724443605
0.2423500000, 0.6830240856
0.2425000000, 0.6937600565
0.2426500000, 0.7046515384
0.2428000000, 0.7156975182
0.2429500000, 0.7268966860
0.2431000000, 0.7382474156
0.2432500000, 0.7497477438
0.2434000000, 0.7613953499
0.2435500000, 0.7731875345
0.2437000000, 0.7851211977
0.2438500000, 0.7971928167
0.2440000000, 0.8093984242
0.2441500000, 0.8217335853
0.2443000000, 0.8341933752
0.2444500000, 0.8467723570
0.2446000000, 0.8594645593
0.2447500000, 0.8722634545
0.2449000000, 0.8851619379
0.2450500000, 0.8981523071
0.2452000000, 0.9112262430
0.2453500000, 0.9243747913
0.2455000000, 0.9375883468
0.2456500000, 0.9508566376
0.2458000000, 0.9641687133
0.2459500000, 0.9775129343
0.2461000000, 0.9908769641
0.2462500000, 1.0042477644
0.2464000000, 1.0176115944
0.2465500000, 1.0309540120
0.2467000000, 1.0442598807
0.2468500000, 1.0575133797
0.2470000000, 1.0706980189
0.2471500000, 1.0837966586
0.2473000000, 1.0967915344
0.2474500000, 1.1096642876
0.2476000000, 1.1223960008
0.2477500000, 1.1349672396
0.2479000000, 1.1473581001
0.2480500000, 1.1595482619
0.2482000000, 1.1715170476
0.2483500000, 1.1832434875
0.2485000000, 1.1947063910
0.2486500000, 1.2058844221
0.2488000000, 1.2167561818
0.2489500000, 1.2273002937
0.2491000000, 1.2374954951
0.2492500000, 1.2473207318
0.2494000000, 1.2567552553
0.2495500000, 1.2657787240
0.2497000000, 1.2743713045
0.2498500000, 1.2825137748
0.2500000000, 1.2901876276
0.2501500000, 1.2973751719
0.2503000000, 1.3040596332
0.2504500000, 1.3102252508
0.2506000000, 1.3158573709
0.2507500000, 1.3209425347
0.2509000000, 1.3254685608
0.2510500000, 1.3294246208
0.2512000000, 1.3328013069
0.2513500000, 1.3355906914
0.2515000000, 1.3377863763
0.2516500000, 1.3393835341
0.2518000000, 1.3403789373
0.2519500000, 1.3407709777
0.2521000000, 1.3405596751
0.2522500000, 1.3397466747
0.2524000000, 1.3383352333
0.2525500000, 1.3363301955
0.2527000000, 1.3337379588
0.2528500000, 1.3305664291
0.2530000000, 1.3268249668
0.2531500000, 1.3225243237
0.2533000000, 1.3176765725
0.2534500000, 1.3122950289
0.2536000000, 1.3063941672
0.2537500000, 1.2999895310
0.2539000000, 1.2930976397
0.2540500000, 1.2857358906
0.2542000000, 1.2779224601
0.2543500000, 1.2696762028
0.2545000000, 1.2610165500
0.2546500000, 1.2519634092
0.2548000000, 1.2425370645
0.2549500000, 1.2327580795
0.2551000000, 1.2226472026
0.2552500000, 1.2122252762
0.2554000000, 1.2015131498
0.2555500000, 1.1905315976
0.2557000000, 1.1793012405
0.2558500000, 1.1678424747
0.2560000000, 1.1561754038
0.2561500000, 1.1443197785
0.2563000000, 1.1322949407
0.2564500000, 1.1201197736
0.2566000000, 1.1078126578
0.2567500000, 1.0953914329
0.2569000000, 1.0828733640
0.2570500000, 1.0702751146
0.2572000000, 1.0576127235
0.2573500000, 1.0449015869
0.2575000000, 1.0321564452
0.2576500000, 1.0193913738
0.2578000000, 1.0066197783
0.2579500000, 0.9938543925
0.2581000000, 0.9811072808
0.2582500000, 0.9683898428
0.2584000000, 0.9557128211
0.2585500000, 0.9430863113
0.2587000000, 0.9305197745
0.2588500000, 0.9180220511
0.2590000000, 0.9056013768
0.2591500000, 0.8932653998
0.2593000000, 0.8810211986
0.2594500000, 0.8688753019
0.2596000000, 0.8568337078
0.2597500000, 0.8449019049
0.2599000000, 0.8330848927
0.2600500000, 0.8213872026
0.2602000000, 0.8098129194
0.2603500000, 0.7983657021
0.2605000000, 0.7870488049
0.2606500000, 0.7758650977
0.2608000000, 0.7648170869
0.2609500000, 0.7539069349
0.2611000000, 0.7431364799
0.2612500000, 0.7325072545
0.2614000000, 0.7220205045
0.2615500000, 0.7116772066
0.2617000000, 0.7014780855
0.2618500000, 0.6914236306
0.2620000000, 0.6815141119
0.2621500000, 0.6717495951
0.2623000000, 0.6621299564
0.2624500000, 0.6526548965
0.2626000000, 0.6433239537
0.2627500000, 0.6341365167
0.2629000000, 0.6250918365
0.2630500000, 0.6161890377
0.2632000000, 0.6074271298
0.2633500000, 0.5988050166
0.2635000000, 0.5903215067
0.2636500000, 0.5819753216
0.2638000000, 0.5737651052
0.2639500000, 0.5656894312
0.2641000000, 0.5577468108
0.2642500000, 0.5499356998
0.2644000000, 0.5422545051
0.2645500000, 0.5347015912
0.2647000000, 0.5272752853
0.2648500000, 0.5199738834
0.2650000000, 0.5127956549
0.2651500000, 0.5057388473
0.2653000000, 0.4988016905
0.2654500000, 0.4919824009
0.2656000000, 0.4852791851
0.2657500000, 0.4786902430
0.2659000000, 0.4722137715
0.2660500000, 0.4658479668
0.2662000000, 0.4595910276
0.2663500000, 0.4534411571
0.2665000000, 0.4473965656
0.2666500000, 0.4414554722
0.2668000000, 0.4356161070
0.2669500000, 0.4298767125
0.2671000000, 0.4242355451
0.2672500000, 0.4186908768
0.2674000000, 0.4132409963
0.2675500000, 0.4078842097
0.2677000000, 0.4026188423
0.2678500000, 0.3974432385
0.2680000000, 0.3923557635
0.2681500000, 0.3873548032
0.2683000000, 0.3824387655
0.2684500000, 0.3776060800
0.2686000000, 0.3728551991
0.2687500000, 0.3681845980
0.2689000000, 0.3635927751
0.2690500000, 0.3590782522
0.2692000000, 0.3546395747
0.2693500000, 0.3502753114
0.2695000000, 0.3459840551
0.2696500000, 0.3417644224
0.2698000000, 0.3376150535
0.2699500000, 0.3335346123
0.2701000000, 0.3295217863
0.2702500000, 0.3255752867
0.2704000000, 0.3216938478
0.2705500000, 0.3178762272
0.2707000000, 0.3141212055
0.2708500000, 0.3104275860
0.2710000000, 0.3067941948
0.2711500000, 0.3032198800
0.2713000000, 0.2997035121
0.2714500000, 0.2962439831
0.2716000000, 0.2928402067
0.2717500000, 0.2894911179
0.2719000000, 0.2861956725
0.2720500000, 0.2829528469
0.2722000000, 0.2797616379
0.2723500000, 0.2766210623
0.2725000000, 0.2735301567
0.2726500000, 0.2704879769
0.2728000000, 0.2674935977
0.2729500000, 0.2645461130
0.2731000000, 0.2616446346
0.2732500000, 0.2587882927
0.2734000000, 0.2559762352
0.2735500000, 0.2532076273
0.2737000000, 0.2504816514
0.2738500000, 0.2477975067
0.2740000000, 0.2451544088
0.2741500000, 0.2425515894
0.2743000000, 0.2399882962
0.2744500000, 0.2374637922
0.2746000000, 0.2349773558
0.2747500000, 0.2325282802
0.2749000000, 0.2301158732
0.2750500000, 0.2277394569
0.2752000000, 0.2253983675
0.2753500000, 0.2230919550
0.2755000000, 0.2208195826
0.2756500000, 0.2185806268
0.2758000000, 0.2163744770
0.2759500000, 0.2142005352
0.2761000000, 0.2120582157
0.2762500000, 0.2099469451
0.2764000000, 0.2078661616
0.2765500000, 0.2058153151
0.2767000000, 0.2037938667
0.2768500000, 0.2018012887
0.2770000000, 0.1998370643
0.2771500000, 0.1979006872
0.2773000000, 0.1959916615
0.2774500000, 0.1941095016
0.2776000000, 0.1922537317
0.2777500000, 0.1904238858
0.2779000000, 0.1886195072
0.2780500000, 0.1868401488
0.2782000000, 0.1850853726
0.2783500000, 0.1833547491
0.2785000000, 0.1816478581
0.2786500000, 0.1799642873
0.2788000000, 0.1783036333
0.2789500000, 0.1766655003
0.2791000000, 0.1750495010
0.2792500000, 0.1734552556
0.2794000000, 0.1718823918
0.2795500000, 0.1703305451
0.2797000000, 0.1687993580
0.2798500000, 0.1672884803
0.2800000000, 0.1657975686