0.2200000000, 0.0185971241
0.2201500000, 0.0186263155
0.2203000000, 0.0186555388
0.2204500000, 0.0186847942
0.2206000000, 0.0187140815
0.2207500000, 0.0187434009
0.2209000000, 0.0187727524
0.2210500000, 0.0188021359
0.2212000000, 0.0188315516
0.2213500000, 0.0188609995
0.2215000000, 0.0188904796
0.2216500000, 0.0189199919
0.2218000000, 0.0189495365
0.2219500000, 0.0189791134
0.2221000000, 0.0190087226
0.2222500000, 0.0190383641
0.2224000000, 0.0190680381
0.2225500000, 0.0190977444
0.2227000000, 0.0191274832
0.2228500000, 0.0191572545
0.2230000000, 0.0191870583
0.2231500000, 0.0192168947
0.2233000000, 0.0192467636
0.2234500000, 0.0192766651
0.2236000000, 0.0193065993
0.2237500000, 0.0193365661
0.2239000000, 0.0193665656
0.2240500000, 0.0193965979
0.2242000000, 0.0194266629
0.2243500000, 0.0194567607
0.2245000000, 0.0194868913
0.2246500000, 0.0195170548
0.2248000000, 0.0195472512
0.2249500000, 0.0195774805
0.2251000000, 0.0196077428
0.2252500000, 0.0196380380
0.2254000000, 0.0196683662
0.2255500000, 0.0196987275
0.2257000000, 0.0197291219
0.2258500000, 0.0197595494
0.2260000000, 0.0197900100
0.2261500000, 0.0198205038
0.2263000000, 0.0198510308
0.2264500000, 0.0198815910
0.2266000000, 0.0199121845
0.2267500000, 0.0199428113
0.2269000000, 0.0199734714
0.2270500000, 0.0200041649
0.2272000000, 0.0200348918
0.2273500000, 0.0200656521
0.2275000000, 0.0200964459
0.2276500000, 0.0201272732
0.2278000000, 0.0201581339
0.2279500000, 0.0201890283
0.2281000000, 0.0202199562
0.2282500000, 0.0202509178
0.2284000000, 0.0202819129
0.2285500000, 0.0203129418
0.2287000000, 0.0203440044
0.2288500000, 0.0203751008
0.2290000000, 0.0204062309
0.2291500000, 0.0204373948
0.2293000000, 0.0204685926
0.2294500000, 0.0204998242
0.2296000000, 0.0205310898
0.2297500000, 0.0205623893
0.2299000000, 0.0205937227
0.2300500000, 0.0206250902
0.2302000000, 0.0206564917
0.2303500000, 0.0206879273
0.2305000000, 0.0207193970
0.2306500000, 0.0207509008
0.2308000000, 0.0207824387
0.2309500000, 0.0208140109
0.2311000000, 0.0208456173
0.2312500000, 0.0208772580
0.2314000000, 0.0209089330
0.2315500000, 0.0209406423
0.2317000000, 0.0209723859
0.2318500000, 0.0210041640
0.2320000000, 0.0210359764
0.2321500000, 0.0210678234
0.2323000000, 0.0210997048
0.2324500000, 0.0211316207
0.2326000000, 0.0211635712
0.2327500000, 0.0211955563
0.2329000000, 0.0212275760
0.2330500000, 0.0212596304
0.2332000000, 0.0212917194
0.2333500000, 0.0213238432
0.2335000000, 0.0213560017
0.2336500000, 0.0213881950
0.2338000000, 0.0214204231
0.2339500000, 0.0214526861
0.2341000000, 0.0214849839
0.2342500000, 0.0215173167
0.2344000000, 0.0215496844
0.2345500000, 0.0215820871
0.2347000000, 0.0216145248
0.2348500000, 0.0216469975
0.2350000000, 0.0216795053
0.2351500000, 0.0217120483
0.2353000000, 0.0217446263
0.2354500000, 0.0217772396
0.2356000000, 0.0218098880
0.2357500000, 0.0218425717
0.2359000000, 0.0218752907
0.2360500000, 0.0219080450
0.2362000000, 0.0219408346
0.2363500000, 0.0219736596
0.2365000000, 0.0220065200
0.2366500000, 0.0220394159
0.2368000000, 0.0220723472
0.2369500000, 0.0221053140
0.2371000000, 0.0221383163
0.2372500000, 0.0221713543
0.2374000000, 0.0222044278
0.2375500000, 0.0222375369
0.2377000000, 0.0222706818
0.2378500000, 0.0223038623
0.2380000000, 0.0223370785
0.2381500000, 0.0223703306
0.2383000000, 0.0224036184
0.2384500000, 0.0224369421
0.2386000000, 0.0224703016
0.2387500000, 0.0225036970
0.2389000000, 0.0225371284
0.2390500000, 0.0225705957
0.2392000000, 0.0226040990
0.2393500000, 0.0226376383
0.2395000000, 0.0226712137
0.2396500000, 0.0227048252
0.2398000000, 0.0227384729
0.2399500000, 0.0227721567
0.2401000000, 0.0228058766
0.2402500000, 0.0228396329
0.2404000000, 0.0228734253
0.2405500000, 0.0229072541
0.2407000000, 0.0229411192
0.2408500000, 0.0229750206
0.2410000000, 0.0230089584
0.2411500000, 0.0230429327
0.2413000000, 0.0230769434
0.2414500000, 0.0231109906
0.2416000000, 0.0231450743
0.2417500000, 0.0231791946
0.2419000000, 0.0232133515
0.2420500000, 0.0232475450
0.2422000000, 0.0232817751
0.2423500000, 0.0233160419
0.2425000000, 0.0233503455
0.2426500000, 0.0233846858
0.2428000000, 0.0234190629
0.2429500000, 0.0234534768
0.2431000000, 0.0234879275
0.2432500000, 0.0235224151
0.2434000000, 0.0235569397
0.2435500000, 0.0235915012
0.2437000000, 0.0236260996
0.2438500000, 0.0236607351
0.2440000000, 0.0236954076
0.2441500000, 0.0237301172
0.2443000000, 0.0237648639
0.2444500000, 0.0237996478
0.2446000000, 0.0238344688
0.2447500000, 0.0238693271
0.2449000000, 0.0239042225
0.2450500000, 0.0239391553
0.2452000000, 0.0239741253
0.2453500000, 0.0240091327
0.2455000000, 0.0240441775
0.2456500000, 0.0240792597
0.2458000000, 0.0241143793
0.2459500000, 0.0241495363
0.2461000000, 0.0241847309
0.2462500000, 0.0242199630
0.2464000000, 0.0242552327
0.2465500000, 0.0242905399
0.2467000000, 0.0243258848
0.2468500000, 0.0243612674
0.2470000000, 0.0243966876
0.2471500000, 0.0244321456
0.2473000000, 0.0244676413
0.2474500000, 0.0245031748
0.2476000000, 0.0245387462
0.2477500000, 0.0245743554
0.2479000000, 0.0246100025
0.2480500000, 0.0246456875
0.2482000000, 0.0246814104
0.2483500000, 0.0247171713
0.2485000000, 0.0247529703
0.2486500000, 0.0247888073
0.2488000000, 0.0248246823
0.2489500000, 0.0248605955
0.2491000000, 0.0248965468
0.2492500000, 0.0249325363
0.2494000000, 0.0249685640
0.2495500000, 0.0250046300
0.2497000000, 0.0250407342
0.2498500000, 0.0250768767
0.2500000000, 0.0251130575
0.2501500000, 0.0251492767
0.2503000000, 0.0251855343
0.2504500000, 0.0252218303
0.2506000000, 0.0252581648
0.2507500000, 0.0252945377
0.2509000000, 0.0253309492
0.2510500000, 0.0253673993
0.2512000000, 0.0254038879
0.2513500000, 0.0254404151
0.2515000000, 0.0254769810
0.2516500000, 0.0255135856
0.2518000000, 0.0255502288
0.2519500000, 0.0255869108
0.2521000000, 0.0256236316
0.2522500000, 0.0256603912
0.2524000000, 0.0256971896
0.2525500000, 0.0257340269
0.2527000000, 0.0257709030
0.2528500000, 0.0258078181
0.2530000000, 0.0258447722
0.2531500000, 0.0258817652
0.2533000000, 0.0259187972
0.2534500000, 0.0259558683
0.2536000000, 0.0259929785
0.2537500000, 0.0260301278
0.2539000000, 0.0260673162
0.2540500000, 0.0261045438
0.2542000000, 0.0261418106
0.2543500000, 0.0261791166
0.2545000000, 0.0262164619
0.2546500000, 0.0262538465
0.2548000000, 0.0262912704
0.2549500000, 0.0263287336
0.2551000000, 0.0263662362
0.2552500000, 0.0264037783
0.2554000000, 0.0264413598
0.2555500000, 0.0264789807
0.2557000000, 0.0265166412
0.2558500000, 0.0265543411
0.2560000000, 0.0265920807
0.2561500000, 0.0266298598
0.2563000000, 0.0266676786
0.2564500000, 0.0267055370
0.2566000000, 0.0267434351
0.2567500000, 0.0267813728
0.2569000000, 0.0268193504
0.2570500000, 0.0268573677
0.2572000000, 0.0268954248
0.2573500000, 0.0269335217
0.2575000000, 0.0269716585
0.2576500000, 0.0270098351
0.2578000000, 0.0270480517
0.2579500000, 0.0270863082
0.2581000000, 0.0271246047
0.2582500000, 0.0271629411
0.2584000000, 0.0272013177
0.2585500000, 0.0272397342
0.2587000000, 0.0272781909
0.2588500000, 0.0273166876
0.2590000000, 0.0273552245
0.2591500000, 0.0273938016
0.2593000000, 0.0274324189
0.2594500000, 0.0274710764
0.2596000000, 0.0275097742
0.2597500000, 0.0275485122
0.2599000000, 0.0275872906
0.2600500000, 0.0276261093
0.2602000000, 0.0276649684
0.2603500000, 0.0277038678
0.2605000000, 0.0277428077
0.2606500000, 0.0277817880
0.2608000000, 0.0278208089
0.2609500000, 0.0278598702
0.2611000000, 0.0278989721
0.2612500000, 0.0279381145
0.2614000000, 0.0279772975
0.2615500000, 0.0280165211
0.2617000000, 0.0280557854
0.2618500000, 0.0280950903
0.2620000000, 0.0281344360
0.2621500000, 0.0281738224
0.2623000000, 0.0282132495
0.2624500000, 0.0282527174
0.2626000000, 0.0282922261
0.2627500000, 0.0283317756
0.2629000000, 0.0283713660
0.2630500000, 0.0284109973
0.2632000000, 0.0284506695
0.2633500000, 0.0284903827
0.2635000000, 0.0285301368
0.2636500000, 0.0285699319
0.2638000000, 0.0286097680
0.2639500000, 0.0286496451
0.2641000000, 0.0286895634
0.2642500000, 0.0287295227
0.2644000000, 0.0287695232
0.2645500000, 0.0288095648
0.2647000000, 0.0288496475
0.2648500000, 0.0288897715
0.2650000000, 0.0289299367
0.2651500000, 0.0289701432
0.2653000000, 0.0290103909
0.2654500000, 0.0290506800
0.2656000000, 0.0290910103
0.2657500000, 0.0291313821
0.2659000000, 0.0291717952
0.2660500000, 0.0292122497
0.2662000000, 0.0292527456
0.2663500000, 0.0292932830
0.2665000000, 0.0293338619
0.2666500000, 0.0293744823
0.2668000000, 0.0294151442
0.2669500000, 0.0294558476
0.2671000000, 0.0294965927
0.2672500000, 0.0295373793
0.2674000000, 0.0295782076
0.2675500000, 0.0296190775
0.2677000000, 0.0296599892
0.2678500000, 0.0297009425
0.2680000000, 0.0297419375
0.2681500000, 0.0297829743
0.2683000000, 0.0298240529
0.2684500000, 0.0298651733
0.2686000000, 0.0299063355
0.2687500000, 0.0299475396
0.2689000000, 0.0299887855
0.2690500000, 0.0300300733
0.2692000000, 0.0300714031
0.2693500000, 0.0301127748
0.2695000000, 0.0301541885
0.2696500000, 0.0301956441
0.2698000000, 0.0302371418
0.2699500000, 0.0302786816
0.2701000000, 0.0303202634
0.2702500000, 0.0303618873
0.2704000000, 0.0304035533
0.2705500000, 0.0304452614
0.2707000000, 0.0304870118
0.2708500000, 0.0305288043
0.2710000000, 0.0305706390
0.2711500000, 0.0306125159
0.2713000000, 0.0306544352
0.2714500000, 0.0306963967
0.2716000000, 0.0307384005
0.2717500000, 0.0307804466
0.2719000000, 0.0308225351
0.2720500000, 0.0308646660
0.2722000000, 0.0309068393
0.2723500000, 0.0309490550
0.2725000000, 0.0309913131
0.2726500000, 0.0310336138
0.2728000000, 0.0310759569
0.2729500000, 0.0311183426
0.2731000000, 0.0311607708
0.2732500000, 0.0312032415
0.2734000000, 0.0312457549
0.2735500000, 0.0312883109
0.2737000000, 0.0313309096
0.2738500000, 0.0313735509
0.2740000000, 0.0314162349
0.2741500000, 0.0314589616
0.2743000000, 0.0315017311
0.2744500000, 0.0315445433
0.2746000000, 0.0315873984
0.2747500000, 0.0316302962
0.2749000000, 0.0316732369
0.2750500000, 0.0317162205
0.2752000000, 0.0317592470
0.2753500000, 0.0318023163
0.2755000000, 0.0318454287
0.2756500000, 0.0318885840
0.2758000000, 0.0319317822
0.2759500000, 0.0319750236
0.2761000000, 0.0320183079
0.2762500000, 0.0320616354
0.2764000000, 0.0321050059
0.2765500000, 0.0321484196
0.2767000000, 0.0321918764
0.2768500000, 0.0322353764
0.2770000000, 0.0322789196
0.2771500000, 0.0323225060
0.2773000000, 0.0323661357
0.2774500000, 0.0324098087
0.2776000000, 0.0324535250
0.2777500000, 0.0324972847
0.2779000000, 0.0325410877
0.2780500000, 0.0325849342
0.2782000000, 0.0326288241
0.2783500000, 0.0326727574
0.2785000000, 0.0327167343
0.2786500000, 0.0327607546
0.2788000000, 0.0328048185
0.2789500000, 0.0328489260
0.2791000000, 0.0328930771
0.2792500000, 0.0329372719
0.2794000000, 0.0329815104
0.2795500000, 0.0330257925
0.2797000000, 0.0330701184
0.2798500000, 0.0331144881
0.2800000000, 0.0331589016