0.2200000000, 0.1050884804
0.2201500000, 0.1060739581
0.2203000000, 0.1070721838
0.2204500000, 0.1080833675
0.2206000000, 0.1091077235
0.2207500000, 0.1101454704
0.2209000000, 0.1111968310
0.2210500000, 0.1122620326
0.2212000000, 0.1133413069
0.2213500000, 0.1144348904
0.2215000000, 0.1155430243
0.2216500000, 0.1166659545
0.2218000000, 0.1178039320
0.2219500000, 0.1189572128
0.2221000000, 0.1201260581
0.2222500000, 0.1213107343
0.2224000000, 0.1225115134
0.2225500000, 0.1237286728
0.2227000000, 0.1249624957
0.2228500000, 0.1262132708
0.2230000000, 0.1274812930
0.2231500000, 0.1287668633
0.2233000000, 0.1300702887
0.2234500000, 0.1313918827
0.2236000000, 0.1327319652
0.2237500000, 0.1340908628
0.2239000000, 0.1354689089
0.2240500000, 0.1368664438
0.2242000000, 0.1382838151
0.2243500000, 0.1397213773
0.2245000000, 0.1411794928
0.2246500000, 0.1426585313
0.2248000000, 0.1441588705
0.2249500000, 0.1456808958
0.2251000000, 0.1472250011
0.2252500000, 0.1487915886
0.2254000000, 0.1503810687
0.2255500000, 0.1519938610
0.2257000000, 0.1536303937
0.2258500000, 0.1552911045
0.2260000000, 0.1569764401
0.2261500000, 0.1586868571
0.2263000000, 0.1604228216
0.2264500000, 0.1621848101
0.2266000000, 0.1639733091
0.2267500000, 0.1657888156
0.2269000000, 0.1676318376
0.2270500000, 0.1695028937
0.2272000000, 0.1714025141
0.2273500000, 0.1733312404
0.2275000000, 0.1752896259
0.2276500000, 0.1772782360
0.2278000000, 0.1792976484
0.2279500000, 0.1813484534
0.2281000000, 0.1834312540
0.2282500000, 0.1855466668
0.2284000000, 0.1876953215
0.2285500000, 0.1898778616
0.2287000000, 0.1920949448
0.2288500000, 0.1943472432
0.2290000000, 0.1966354434
0.2291500000, 0.1989602474
0.2293000000, 0.2013223721
0.2294500000, 0.2037225505
0.2296000000, 0.2061615315
0.2297500000, 0.2086400802
0.2299000000, 0.2111589788
0.2300500000, 0.2137190262
0.2302000000, 0.2163210391
0.2303500000, 0.2189658517
0.2305000000, 0.2216543165
0.2306500000, 0.2243873047
0.2308000000, 0.2271657061
0.2309500000, 0.2299904301
0.2311000000, 0.2328624057
0.2312500000, 0.2357825817
0.2314000000, 0.2387519278
0.2315500000, 0.2417714341
0.2317000000, 0.2448421122
0.2318500000, 0.2479649952
0.2320000000, 0.2511411380
0.2321500000, 0.2543716181
0.2323000000, 0.2576575356
0.2324500000, 0.2610000139
0.2326000000, 0.2644001996
0.2327500000, 0.2678592632
0.2329000000, 0.2713783995
0.2330500000, 0.2749588279
0.2332000000, 0.2786017923
0.2333500000, 0.2823085622
0.2335000000, 0.2860804324
0.2336500000, 0.2899187235
0.2338000000, 0.2938247822
0.2339500000, 0.2977999814
0.2341000000, 0.3018457207
0.2342500000, 0.3059634264
0.2344000000, 0.3101545516
0.2345500000, 0.3144205766
0.2347000000, 0.3187630088
0.2348500000, 0.3231833829
0.2350000000, 0.3276832608
0.2351500000, 0.3322642316
0.2353000000, 0.3369279117
0.2354500000, 0.3416759445
0.2356000000, 0.3465100002
0.2357500000, 0.3514317757
0.2359000000, 0.3564429940
0.2360500000, 0.3615454042
0.2362000000, 0.3667407806
0.2363500000, 0.3720309223
0.2365000000, 0.3774176525
0.2366500000, 0.3829028180
0.2368000000, 0.3884882875
0.2369500000, 0.3941759516
0.2371000000, 0.3999677207
0.2372500000, 0.4058655243
0.2374000000, 0.4118713093
0.2375500000, 0.4179870384
0.2377000000, 0.4242146882
0.2378500000, 0.4305562474
0.2380000000, 0.4370137144
0.2381500000, 0.4435890948
0.2383000000, 0.4502843990
0.2384500000, 0.4571016391
0.2386000000, 0.4640428259
0.2387500000, 0.4711099651
0.2389000000, 0.4783050538
0.2390500000, 0.4856300764
0.2392000000, 0.4930870000
0.2393500000, 0.5006777701
0.2395000000, 0.5084043047
0.2396500000, 0.5162684893
0.2398000000, 0.5242721709
0.2399500000, 0.5324171514
0.2401000000, 0.5407051807
0.2402500000, 0.5491379496
0.2404000000, 0.5577170816
0.2405500000, 0.5664441246
0.2407000000, 0.5753205423
0.2408500000, 0.5843477041
0.2410000000, 0.5935268754
0.2411500000, 0.6028592065
0.2413000000, 0.6123457215
0.2414500000, 0.6219873062
0.2416000000, 0.6317846953
0.2417500000, 0.6417384591
0.2419000000, 0.6518489892
0.2420500000, 0.6621164839
0.2422000000, 0.6725409327
0.2423500000, 0.6831220997
0.2425000000, 0.6938595073
0.2426500000, 0.7047524180
0.2428000000, 0.7157998160
0.2429500000, 0.7270003888
0.2431000000, 0.7383525070
0.2432500000, 0.7498542044
0.2434000000, 0.7615031569
0.2435500000, 0.7732966614
0.2437000000, 0.7852316142
0.2438500000, 0.7973044887
0.2440000000, 0.8095113133
0.2441500000, 0.8218476487
0.2443000000, 0.8343085657
0.2444500000, 0.8468886223
0.2446000000, 0.8595818423
0.2447500000, 0.8723816928
0.2449000000, 0.8852810638
0.2450500000, 0.8982722472
0.2452000000, 0.9113469182
0.2453500000, 0.9244961167
0.2455000000, 0.9377102313
0.2456500000, 0.9509789841
0.2458000000, 0.9642914183
0.2459500000, 0.9776358879
0.2461000000, 0.9910000500
0.2462500000, 1.0043708600
0.2464000000, 1.0177345703
0.2465500000, 1.0310767328
0.2467000000, 1.0443822044
0.2468500000, 1.0576351583
0.2470000000, 1.0708190981
0.2471500000, 1.0839168783
0.2473000000, 1.0969107289
0.2474500000, 1.1097822859
0.2476000000, 1.1225126271
0.2477500000, 1.1350823134
0.2479000000, 1.1474714368
0.2480500000, 1.1596596735
0.2482000000, 1.1716263428
0.2483500000, 1.1833504729
0.2485000000, 1.1948108714
0.2486500000, 1.2059862014
0.2488000000, 1.2168550636
0.2489500000, 1.2273960822
0.2491000000, 1.2375879961
0.2492500000, 1.2474097532
0.2494000000, 1.2568406086
0.2495500000, 1.2658602246
0.2497000000, 1.2744487729
0.2498500000, 1.2825870377
0.2500000000, 1.2902565188
0.2501500000, 1.2974395329
0.2503000000, 1.3041193145
0.2504500000, 1.3102801127
0.2506000000, 1.3159072840
0.2507500000, 1.3209873811
0.2509000000, 1.3255082347
0.2510500000, 1.3294590290
0.2512000000, 1.3328303696
0.2513500000, 1.3356143425
0.2515000000, 1.3378045641
0.2516500000, 1.3393962213
0.2518000000, 1.3403861013
0.2519500000, 1.3407726110
0.2521000000, 1.3405557851
0.2522500000, 1.3397372834
0.2524000000, 1.3383203777
0.2525500000, 1.3363099269
0.2527000000, 1.3337123425
0.2528500000, 1.3305355440
0.2530000000, 1.3267889049
0.2531500000, 1.3224831894
0.2533000000, 1.3176304820
0.2534500000, 1.3122441094
0.2536000000, 1.3063385562
0.2537500000, 1.2999293753
0.2539000000, 1.2930330946
0.2540500000, 1.2856671190
0.2542000000, 1.2778496317
0.2543500000, 1.2695994929
0.2545000000, 1.2609361389
0.2546500000, 1.2518794810
0.2548000000, 1.2424498063
0.2549500000, 1.2326676804
0.2551000000, 1.2225538533
0.2552500000, 1.2121291677
0.2554000000, 1.2014144729
0.2555500000, 1.1904305417
0.2557000000, 1.1791979937
0.2558500000, 1.1677372224
0.2560000000, 1.1560683288
0.2561500000, 1.1442110598
0.2563000000, 1.1321847533
0.2564500000, 1.1200082883
0.2566000000, 1.1077000406
0.2567500000, 1.0952778444
0.2569000000, 1.0827589598
0.2570500000, 1.0701600445
0.2572000000, 1.0574971315
0.2573500000, 1.0447856110
0.2575000000, 1.0320402174
0.2576500000, 1.0192750200
0.2578000000, 1.0065034182
0.2579500000, 0.9937381398
0.2581000000, 0.9809912429
0.2582500000, 0.9682741211
0.2584000000, 0.9555975111
0.2585500000, 0.9429715025
0.2587000000, 0.9304055508
0.2588500000, 0.9179084907
0.2590000000, 0.9054885525
0.2591500000, 0.8931533789
0.2593000000, 0.8809100436
0.2594500000, 0.8687650700
0.2596000000, 0.8567244519
0.2597500000, 0.8447936729
0.2599000000, 0.8329777282
0.2600500000, 0.8212811451
0.2602000000, 0.8097080044
0.2603500000, 0.7982619613
0.2605000000, 0.7869462663
0.2606500000, 0.7757637860
0.2608000000, 0.7647170235
0.2609500000, 0.7538081381
0.2611000000, 0.7430389651
0.2612500000, 0.7324110345
0.2614000000, 0.7219255896
0.2615500000, 0.7115836046
0.2617000000, 0.7013858019
0.2618500000, 0.6913326690
0.2620000000, 0.6814244737
0.2621500000, 0.6716612802
0.2623000000, 0.6620429629
0.2624500000, 0.6525692209
0.2626000000, 0.6432395912
0.2627500000, 0.6340534610
0.2629000000, 0.6250100802
0.2630500000, 0.6161085723
0.2632000000, 0.6073479458
0.2633500000, 0.5987271036
0.2635000000, 0.5902448533
0.2636500000, 0.5818999159
0.2638000000, 0.5736909344
0.2639500000, 0.5656164820
0.2641000000, 0.5576750694
0.2642500000, 0.5498651519
0.2644000000, 0.5421851359
0.2645500000, 0.5346333855
0.2647000000, 0.5272082278
0.2648500000, 0.5199079584
0.2650000000, 0.5127308464
0.2651500000, 0.5056751393
0.2653000000, 0.4987390667
0.2654500000, 0.4919208451
0.2656000000, 0.4852186807
0.2657500000, 0.4786307736
0.2659000000, 0.4721553206
0.2660500000, 0.4657905179
0.2662000000, 0.4595345643
0.2663500000, 0.4533856631
0.2665000000, 0.4473420245
0.2666500000, 0.4414018678
0.2668000000, 0.4355634232
0.2669500000, 0.4298249332
0.2671000000, 0.4241846545
0.2672500000, 0.4186408593
0.2674000000, 0.4131918362
0.2675500000, 0.4078358917
0.2677000000, 0.4025713510
0.2678500000, 0.3973965591
0.2680000000, 0.3923098810
0.2681500000, 0.3873097031
0.2683000000, 0.3823944332
0.2684500000, 0.3775625013
0.2686000000, 0.3728123600
0.2687500000, 0.3681424847
0.2689000000, 0.3635513739
0.2690500000, 0.3590375498
0.2692000000, 0.3545995577
0.2693500000, 0.3502359670
0.2695000000, 0.3459453706
0.2696500000, 0.3417263852
0.2698000000, 0.3375776513
0.2699500000, 0.3334978330
0.2701000000, 0.3294856181
0.2702500000, 0.3255397178
0.2704000000, 0.3216588667
0.2705500000, 0.3178418228
0.2707000000, 0.3140873666
0.2708500000, 0.3103943020
0.2710000000, 0.3067614549
0.2711500000, 0.3031876738
0.2713000000, 0.2996718294
0.2714500000, 0.2962128139
0.2716000000, 0.2928095412
0.2717500000, 0.2894609464
0.2719000000, 0.2861659856
0.2720500000, 0.2829236353
0.2722000000, 0.2797328925
0.2723500000, 0.2765927744
0.2725000000, 0.2735023174
0.2726500000, 0.2704605777
0.2728000000, 0.2674666303
0.2729500000, 0.2645195691
0.2731000000, 0.2616185062
0.2732500000, 0.2587625720
0.2734000000, 0.2559509144
0.2735500000, 0.2531826990
0.2737000000, 0.2504571081
0.2738500000, 0.2477733412
0.2740000000, 0.2451306140
0.2741500000, 0.2425281584
0.2743000000, 0.2399652221
0.2744500000, 0.2374410684
0.2746000000, 0.2349549758
0.2747500000, 0.2325062375
0.2749000000, 0.2300941616
0.2750500000, 0.2277180704
0.2752000000, 0.2253773000
0.2753500000, 0.2230712006
0.2755000000, 0.2207991355
0.2756500000, 0.2185604815
0.2758000000, 0.2163546279
0.2759500000, 0.2141809769
0.2761000000, 0.2120389430
0.2762500000, 0.2099279528
0.2764000000, 0.2078474446
0.2765500000, 0.2057968683
0.2767000000, 0.2037756853
0.2768500000, 0.2017833680
0.2770000000, 0.1998193996
0.2771500000, 0.1978832739
0.2773000000, 0.1959744952
0.2774500000, 0.1940925779
0.2776000000, 0.1922370462
0.2777500000, 0.1904074343
0.2779000000, 0.1886032857
0.2780500000, 0.1868241532
0.2782000000, 0.1850695988
0.2783500000, 0.1833391935
0.2785000000, 0.1816325166
0.2786500000, 0.1799491564
0.2788000000, 0.1782887092
0.2789500000, 0.1766507796
0.2791000000, 0.1750349801
0.2792500000, 0.1734409310
0.2794000000, 0.1718682603
0.2795500000, 0.1703166033
0.2797000000, 0.1687856026
0.2798500000, 0.1672749082
0.2800000000, 0.1657841768