0.1500000000, 0.0011085998
0.1506250000, 0.0011218753
0.1512500000, 0.0011352949
0.1518750000, 0.0011488606
0.1525000000, 0.0011625741
0.1531250000, 0.0011764373
0.1537500000, 0.0011904522
0.1543750000, 0.0012046206
0.1550000000, 0.0012189446
0.1556250000, 0.0012334261
0.1562500000, 0.0012480671
0.1568750000, 0.0012628698
0.1575000000, 0.0012778362
0.1581250000, 0.0012929685
0.1587500000, 0.0013082689
0.1593750000, 0.0013237395
0.1600000000, 0.0013393825
0.1606250000, 0.0013552004
0.1612500000, 0.0013711954
0.1618750000, 0.0013873698
0.1625000000, 0.0014037260
0.1631250000, 0.0014202665
0.1637500000, 0.0014369938
0.1643750000, 0.0014539104
0.1650000000, 0.0014710188
0.1656250000, 0.0014883217
0.1662500000, 0.0015058216
0.1668750000, 0.0015235214
0.1675000000, 0.0015414237
0.1681250000, 0.0015595313
0.1687500000, 0.0015778471
0.1693750000, 0.0015963739
0.1700000000, 0.0016151147
0.1706250000, 0.0016340724
0.1712500000, 0.0016532502
0.1718750000, 0.0016726511
0.1725000000, 0.0016922782
0.1731250000, 0.0017121348
0.1737500000, 0.0017322241
0.1743750000, 0.0017525494
0.1750000000, 0.0017731141
0.1756250000, 0.0017939217
0.1762500000, 0.0018149755
0.1768750000, 0.0018362793
0.1775000000, 0.0018578366
0.1781250000, 0.0018796511
0.1787500000, 0.0019017266
0.1793750000, 0.0019240668
0.1800000000, 0.0019466757
0.1806250000, 0.0019695573
0.1812500000, 0.0019927156
0.1818750000, 0.0020161547
0.1825000000, 0.0020398787
0.1831250000, 0.0020638921
0.1837500000, 0.0020881990
0.1843750000, 0.0021128039
0.1850000000, 0.0021377114
0.1856250000, 0.0021629261
0.1862500000, 0.0021884526
0.1868750000, 0.0022142956
0.1875000000, 0.0022404601
0.1881250000, 0.0022669511
0.1887500000, 0.0022937734
0.1893750000, 0.0023209324
0.1900000000, 0.0023484333
0.1906250000, 0.0023762813
0.1912500000, 0.0024044820
0.1918750000, 0.0024330409
0.1925000000, 0.0024619637
0.1931250000, 0.0024912561
0.1937500000, 0.0025209241
0.1943750000, 0.0025509736
0.1950000000, 0.0025814108
0.1956250000, 0.0026122420
0.1962500000, 0.0026434734
0.1968750000, 0.0026751116
0.1975000000, 0.0027071633
0.1981250000, 0.0027396352
0.1987500000, 0.0027725341
0.1993750000, 0.0028058673
0.2000000000, 0.0028396417
0.2006250000, 0.0028738648
0.2012500000, 0.0029085441
0.2018750000, 0.0029436872
0.2025000000, 0.0029793019
0.2031250000, 0.0030153962
0.2037500000, 0.0030519781
0.2043750000, 0.0030890561
0.2050000000, 0.0031266385
0.2056250000, 0.0031647341
0.2062500000, 0.0032033516
0.2068750000, 0.0032425001
0.2075000000, 0.0032821888
0.2081250000, 0.0033224272
0.2087500000, 0.0033632248
0.2093750000, 0.0034045915
0.2100000000, 0.0034465374
0.2106250000, 0.0034890726
0.2112500000, 0.0035322078
0.2118750000, 0.0035759535
0.2125000000, 0.0036203208
0.2131250000, 0.0036653209
0.2137500000, 0.0037109652
0.2143750000, 0.0037572654
0.2150000000, 0.0038042335
0.2156250000, 0.0038518818
0.2162500000, 0.0039002228
0.2168750000, 0.0039492692
0.2175000000, 0.0039990342
0.2181250000, 0.0040495312
0.2187500000, 0.0041007739
0.2193750000, 0.0041527762
0.2200000000, 0.0042055527
0.2206250000, 0.0042591179
0.2212500000, 0.0043134869
0.2218750000, 0.0043686751
0.2225000000, 0.0044246982
0.2231250000, 0.0044815724
0.2237500000, 0.0045393142
0.2243750000, 0.0045979405
0.2250000000, 0.0046574686
0.2256250000, 0.0047179163
0.2262500000, 0.0047793017
0.2268750000, 0.0048416435
0.2275000000, 0.0049049607
0.2281250000, 0.0049692729
0.2287500000, 0.0050346002
0.2293750000, 0.0051009630
0.2300000000, 0.0051683824
0.2306250000, 0.0052368799
0.2312500000, 0.0053064778
0.2318750000, 0.0053771987
0.2325000000, 0.0054490658
0.2331250000, 0.0055221031
0.2337500000, 0.0055963349
0.2343750000, 0.0056717864
0.2350000000, 0.0057484834
0.2356250000, 0.0058264524
0.2362500000, 0.0059057203
0.2368750000, 0.0059863152
0.2375000000, 0.0060682655
0.2381250000, 0.0061516007
0.2387500000, 0.0062363509
0.2393750000, 0.0063225471
0.2400000000, 0.0064102209
0.2406250000, 0.0064994052
0.2412500000, 0.0065901335
0.2418750000, 0.0066824402
0.2425000000, 0.0067763607
0.2431250000, 0.0068719316
0.2437500000, 0.0069691902
0.2443750000, 0.0070681750
0.2450000000, 0.0071689257
0.2456250000, 0.0072714828
0.2462500000, 0.0073758884
0.2468750000, 0.0074821854
0.2475000000, 0.0075904182
0.2481250000, 0.0077006323
0.2487500000, 0.0078128748
0.2493750000, 0.0079271939
0.2500000000, 0.0080436394
0.2506250000, 0.0081622625
0.2512500000, 0.0082831160
0.2518750000, 0.0084062541
0.2525000000, 0.0085317329
0.2531250000, 0.0086596100
0.2537500000, 0.0087899449
0.2543750000, 0.0089227988
0.2550000000, 0.0090582349
0.2556250000, 0.0091963184
0.2562500000, 0.0093371164
0.2568750000, 0.0094806982
0.2575000000, 0.0096271352
0.2581250000, 0.0097765012
0.2587500000, 0.0099288723
0.2593750000, 0.0100843271
0.2600000000, 0.0102429468
0.2606250000, 0.0104048149
0.2612500000, 0.0105700182
0.2618750000, 0.0107386460
0.2625000000, 0.0109107906
0.2631250000, 0.0110865474
0.2637500000, 0.0112660151
0.2643750000, 0.0114492958
0.2650000000, 0.0116364949
0.2656250000, 0.0118277215
0.2662500000, 0.0120230885
0.2668750000, 0.0122227127
0.2675000000, 0.0124267149
0.2681250000, 0.0126352205
0.2687500000, 0.0128483589
0.2693750000, 0.0130662644
0.2700000000, 0.0132890760
0.2706250000, 0.0135169380
0.2712500000, 0.0137499996
0.2718750000, 0.0139884156
0.2725000000, 0.0142323468
0.2731250000, 0.0144819595
0.2737500000, 0.0147374267
0.2743750000, 0.0149989277
0.2750000000, 0.0152666486
0.2756250000, 0.0155407827
0.2762500000, 0.0158215308
0.2768750000, 0.0161091014
0.2775000000, 0.0164037113
0.2781250000, 0.0167055859
0.2787500000, 0.0170149592
0.2793750000, 0.0173320751
0.2800000000, 0.0176571868
0.2806250000, 0.0179905584
0.2812500000, 0.0183324642
0.2818750000, 0.0186831903
0.2825000000, 0.0190430345
0.2831250000, 0.0194123073
0.2837500000, 0.0197913319
0.2843750000, 0.0201804457
0.2850000000, 0.0205800005
0.2856250000, 0.0209903633
0.2862500000, 0.0214119170
0.2868750000, 0.0218450616
0.2875000000, 0.0222902148
0.2881250000, 0.0227478128
0.2887500000, 0.0232183118
0.2893750000, 0.0237021885
0.2900000000, 0.0241999418
0.2906250000, 0.0247120934
0.2912500000, 0.0252391896
0.2918750000, 0.0257818023
0.2925000000, 0.0263405307
0.2931250000, 0.0269160027
0.2937500000, 0.0275088765
0.2943750000, 0.0281198428
0.2950000000, 0.0287496260
0.2956250000, 0.0293989865
0.2962500000, 0.0300687231
0.2968750000, 0.0307596751
0.2975000000, 0.0314727245
0.2981250000, 0.0322087990
0.2987500000, 0.0329688747
0.2993750000, 0.0337539789
0.3000000000, 0.0345651937
0.3006250000, 0.0354036591
0.3012500000, 0.0362705770
0.3018750000, 0.0371672151
0.3025000000, 0.0380949110
0.3031250000, 0.0390550774
0.3037500000, 0.0400492061
0.3043750000, 0.0410788747
0.3050000000, 0.0421457508
0.3056250000, 0.0432515998
0.3062500000, 0.0443982905
0.3068750000, 0.0455878028
0.3075000000, 0.0468222357
0.3081250000, 0.0481038154
0.3087500000, 0.0494349050
0.3093750000, 0.0508180140
0.3100000000, 0.0522558096
0.3106250000, 0.0537511278
0.3112500000, 0.0553069869
0.3118750000, 0.0569266009
0.3125000000, 0.0586133943
0.3131250000, 0.0603710196
0.3137500000, 0.0622033737
0.3143750000, 0.0641146185
0.3150000000, 0.0661092017
0.3156250000, 0.0681918800
0.3162500000, 0.0703677448
0.3168750000, 0.0726422497
0.3175000000, 0.0750212408
0.3181250000, 0.0775109903
0.3187500000, 0.0801182328
0.3193750000, 0.0828502055
0.3200000000, 0.0857146919
0.3206250000, 0.0887200709
0.3212500000, 0.0918753690
0.3218750000, 0.0951903198
0.3225000000, 0.0986754276
0.3231250000, 0.1023420394
0.3237500000, 0.1062024226
0.3243750000, 0.1102698516
0.3250000000, 0.1145587033
0.3256250000, 0.1190845632
0.3262500000, 0.1238643402
0.3268750000, 0.1289163972
0.3275000000, 0.1342606917
0.3281250000, 0.1399189335
0.3287500000, 0.1459147577
0.3293750000, 0.1522739160
0.3300000000, 0.1590244886
0.3306250000, 0.1661971141
0.3312500000, 0.1738252471
0.3318750000, 0.1819454372
0.3325000000, 0.1905976347
0.3331250000, 0.1998255243
0.3337500000, 0.2096768882
0.3343750000, 0.2202039924
0.3350000000, 0.2314640062
0.3356250000, 0.2435194397
0.3362500000, 0.2564386023
0.3368750000, 0.2702960711
0.3375000000, 0.2851731531
0.3381250000, 0.3011583260
0.3387500000, 0.3183476273
0.3393750000, 0.3368449521
0.3400000000, 0.3567622076
0.3406250000, 0.3782192451
0.3412500000, 0.4013434823
0.3418750000, 0.4262690741
0.3425000000, 0.4531354726
0.3431250000, 0.4820851536
0.3437500000, 0.5132602450
0.3443750000, 0.5467977227
0.3450000000, 0.5828227818
0.3456250000, 0.6214399374
0.3462500000, 0.6627213887
0.3468750000, 0.7066921895
0.3475000000, 0.7533119163
0.3481250000, 0.8024527386
0.3487500000, 0.8538743149
0.3493750000, 0.9071966218
0.3500000000, 0.9618729079
0.3506250000, 1.0171662152
0.3512500000, 1.0721344148
0.3518750000, 1.1256298443
0.3525000000, 1.1763201618
0.3531250000, 1.2227360721
0.3537500000, 1.2633485196
0.3543750000, 1.2966729007
0.3550000000, 1.3213909563
0.3556250000, 1.3364745245
0.3562500000, 1.3412911803
0.3568750000, 1.3356723189
0.3575000000, 1.3199302635
0.3581250000, 1.2948210606
0.3587500000, 1.2614607672
0.3593750000, 1.2212117279
0.3600000000, 1.1755588594
0.3606250000, 1.1259945708
0.3612500000, 1.0739253908
0.3618750000, 1.0206066574
0.3625000000, 0.9671055320
0.3631250000, 0.9142883268
0.3637500000, 0.8628261228
0.3643750000, 0.8132123554
0.3650000000, 0.7657868128
0.3656250000, 0.7207618506
0.3662500000, 0.6782479307
0.3668750000, 0.6382767778
0.3675000000, 0.6008213645
0.3681250000, 0.5658124734
0.3687500000, 0.5331520223
0.3693750000, 0.5027234743
0.3700000000, 0.4743997986
0.3706250000, 0.4480493857
0.3712500000, 0.4235403459
0.3718750000, 0.4007435279
0.3725000000, 0.3795345629
0.3731250000, 0.3597951693
0.3737500000, 0.3414139067
0.3743750000, 0.3242865361
0.3750000000, 0.3083160894
0.3756250000, 0.2934127489
0.3762500000, 0.2794935902
0.3768750000, 0.2664822439
0.3775000000, 0.2543085059
0.3781250000, 0.2429079286
0.3787500000, 0.2322214034
0.3793750000, 0.2221947502
0.3800000000, 0.2127783239
0.3806250000, 0.2039266384
0.3812500000, 0.1955980161
0.3818750000, 0.1877542565
0.3825000000, 0.1803603367
0.3831250000, 0.1733841302
0.3837500000, 0.1667961510
0.3843750000, 0.1605693195
0.3850000000, 0.1546787494
0.3856250000, 0.1491015535
0.3862500000, 0.1438166656
0.3868750000, 0.1388046817
0.3875000000, 0.1340477133
0.3881250000, 0.1295292551
0.3887500000, 0.1252340656
0.3893750000, 0.1211480581
0.3900000000, 0.1172582014
0.3906250000, 0.1135524312
0.3912500000, 0.1100195681
0.3918750000, 0.1066492435
0.3925000000, 0.1034318333
0.3931250000, 0.1003583966
0.3937500000, 0.0974206198
0.3943750000, 0.0946107662
0.3950000000, 0.0919216309
0.3956250000, 0.0893464970
0.3962500000, 0.0868790998
0.3968750000, 0.0845135891
0.3975000000, 0.0822445003
0.3981250000, 0.0800667221
0.3987500000, 0.0779754727
0.3993750000, 0.0759662732
0.4000000000, 0.0740349268