0.2000000000, 0.0189723583
0.2006250000, 0.0194898282
0.2012500000, 0.0200264516
0.2018750000, 0.0205831532
0.2025000000, 0.0211609129
0.2031250000, 0.0217607697
0.2037500000, 0.0223838260
0.2043750000, 0.0230312523
0.2050000000, 0.0237042917
0.2056250000, 0.0244042661
0.2062500000, 0.0251325813
0.2068750000, 0.0258907337
0.2075000000, 0.0266803174
0.2081250000, 0.0275030312
0.2087500000, 0.0283606875
0.2093750000, 0.0292552206
0.2100000000, 0.0301886968
0.2106250000, 0.0311633250
0.2112500000, 0.0321814682
0.2118750000, 0.0332456562
0.2125000000, 0.0343585998
0.2131250000, 0.0355232056
0.2137500000, 0.0367425930
0.2143750000, 0.0380201122
0.2150000000, 0.0393593646
0.2156250000, 0.0407642247
0.2162500000, 0.0422388644
0.2168750000, 0.0437877797
0.2175000000, 0.0454158198
0.2181250000, 0.0471282201
0.2187500000, 0.0489306374
0.2193750000, 0.0508291892
0.2200000000, 0.0528304977
0.2206250000, 0.0549417371
0.2212500000, 0.0571706876
0.2218750000, 0.0595257928
0.2225000000, 0.0620162251
0.2231250000, 0.0646519576
0.2237500000, 0.0674438425
0.2243750000, 0.0704036988
0.2250000000, 0.0735444091
0.2256250000, 0.0768800253
0.2262500000, 0.0804258866
0.2268750000, 0.0841987482
0.2275000000, 0.0882169229
0.2281250000, 0.0925004358
0.2287500000, 0.0970711939
0.2293750000, 0.1019531692
0.2300000000, 0.1071725956
0.2306250000, 0.1127581826
0.2312500000, 0.1187413365
0.2318750000, 0.1251563966
0.2325000000, 0.1320408730
0.2331250000, 0.1394356848
0.2337500000, 0.1473853881
0.2343750000, 0.1559383780
0.2350000000, 0.1651470473
0.2356250000, 0.1750678725
0.2362500000, 0.1857613934
0.2368750000, 0.1972920343
0.2375000000, 0.2097277027
0.2381250000, 0.2231390807
0.2387500000, 0.2375985020
0.2393750000, 0.2531782748
0.2400000000, 0.2699482853
0.2406250000, 0.2879726860
0.2412500000, 0.3073054382
0.2418750000, 0.3279844739
0.2425000000, 0.3500242508
0.2431250000, 0.3734065262
0.2437500000, 0.3980693263
0.2443750000, 0.4238942852
0.2450000000, 0.4506929466
0.2456250000, 0.4781930925
0.2462500000, 0.5060268684
0.2468750000, 0.5337231591
0.2475000000, 0.5607073199
0.2481250000, 0.5863115593
0.2487500000, 0.6097988326
0.2493750000, 0.6304015580
0.2500000000, 0.6473738800
0.2506250000, 0.6600528196
0.2512500000, 0.6679203185
0.2518750000, 0.6706561821
0.2525000000, 0.6681721835
0.2531250000, 0.6606206449
0.2537500000, 0.6483758537
0.2543750000, 0.6319922659
0.2550000000, 0.6121477499
0.2556250000, 0.5895818715
0.2562500000, 0.5650384986
0.2568750000, 0.5392192275
0.2575000000, 0.5127507913
0.2581250000, 0.4861665500
0.2587500000, 0.4599000915
0.2593750000, 0.4342879336
0.2600000000, 0.4095781879
0.2606250000, 0.3859424285
0.2612500000, 0.3634886770
0.2618750000, 0.3422740707
0.2625000000, 0.3223163665
0.2631250000, 0.3036038674
0.2637500000, 0.2861036707
0.2643750000, 0.2697683010
0.2650000000, 0.2545409116
0.2656250000, 0.2403592547
0.2662500000, 0.2271586486
0.2668750000, 0.2148741321
0.2675000000, 0.2034419879
0.2681250000, 0.1928007721
0.2687500000, 0.1828919811
0.2693750000, 0.1736604408
0.2700000000, 0.1650544959
0.2706250000, 0.1570260566
0.2712500000, 0.1495305466
0.2718750000, 0.1425267836
0.2725000000, 0.1359768163
0.2731250000, 0.1298457377
0.2737500000, 0.1241014845
0.2743750000, 0.1187146352
0.2750000000, 0.1136582077
0.2756250000, 0.1089074665
0.2762500000, 0.1044397378
0.2768750000, 0.1002342372
0.2775000000, 0.0962719068
0.2781250000, 0.0925352662
0.2787500000, 0.0890082742
0.2793750000, 0.0856762027
0.2800000000, 0.0825255207
0.2806250000, 0.0795437879
0.2812500000, 0.0767195597
0.2818750000, 0.0740422984
0.2825000000, 0.0715022941
0.2831250000, 0.0690905930
0.2837500000, 0.0667989303
0.2843750000, 0.0646196716
0.2850000000, 0.0625457592
0.2856250000, 0.0605706619
0.2862500000, 0.0586883309
0.2868750000, 0.0568931603
0.2875000000, 0.0551799484
0.2881250000, 0.0535438661
0.2887500000, 0.0519804257
0.2893750000, 0.0504854530
0.2900000000, 0.0490550627
0.2906250000, 0.0476856352
0.2912500000, 0.0463737956
0.2918750000, 0.0451163949
0.2925000000, 0.0439104922
0.2931250000, 0.0427533391
0.2937500000, 0.0416423649
0.2943750000, 0.0405751636
0.2950000000, 0.0395494809
0.2956250000, 0.0385632044
0.2962500000, 0.0376143517
0.2968750000, 0.0367010626
0.2975000000, 0.0358215888
0.2981250000, 0.0349742875
0.2987500000, 0.0341576131
0.2993750000, 0.0333701104
0.3000000000, 0.0326104090
0.3006250000, 0.0318772173
0.3012500000, 0.0311693170
0.3018750000, 0.0304855582
0.3025000000, 0.0298248556
0.3031250000, 0.0291861832
0.3037500000, 0.0285685712
0.3043750000, 0.0279711022
0.3050000000, 0.0273929080
0.3056250000, 0.0268331662
0.3062500000, 0.0262910977
0.3068750000, 0.0257659638
0.3075000000, 0.0252570637
0.3081250000, 0.0247637323
0.3087500000, 0.0242853384
0.3093750000, 0.0238212819
0.3100000000, 0.0233709927
0.3106250000, 0.0229339287
0.3112500000, 0.0225095738
0.3118750000, 0.0220974371
0.3125000000, 0.0216970510
0.3131250000, 0.0213079700
0.3137500000, 0.0209297694
0.3143750000, 0.0205620444
0.3150000000, 0.0202044087
0.3156250000, 0.0198564937
0.3162500000, 0.0195179474
0.3168750000, 0.0191884336
0.3175000000, 0.0188676310
0.3181250000, 0.0185552326
0.3187500000, 0.0182509446
0.3193750000, 0.0179544862
0.3200000000, 0.0176655885
0.3206250000, 0.0173839939
0.3212500000, 0.0171094560
0.3218750000, 0.0168417385
0.3225000000, 0.0165806151
0.3231250000, 0.0163258687
0.3237500000, 0.0160772911
0.3243750000, 0.0158346825
0.3250000000, 0.0155978512
0.3256250000, 0.0153666133
0.3262500000, 0.0151407919
0.3268750000, 0.0149202174
0.3275000000, 0.0147047263
0.3281250000, 0.0144941620
0.3287500000, 0.0142883736
0.3293750000, 0.0140872160
0.3300000000, 0.0138905496
0.3306250000, 0.0136982402
0.3312500000, 0.0135101583
0.3318750000, 0.0133261795
0.3325000000, 0.0131461837
0.3331250000, 0.0129700553
0.3337500000, 0.0127976830
0.3343750000, 0.0126289595
0.3350000000, 0.0124637810
0.3356250000, 0.0123020478
0.3362500000, 0.0121436634
0.3368750000, 0.0119885348
0.3375000000, 0.0118365724
0.3381250000, 0.0116876893
0.3387500000, 0.0115418020
0.3393750000, 0.0113988295
0.3400000000, 0.0112586937
0.3406250000, 0.0111213192
0.3412500000, 0.0109866328
0.3418750000, 0.0108545642
0.3425000000, 0.0107250449
0.3431250000, 0.0105980091
0.3437500000, 0.0104733928
0.3443750000, 0.0103511342
0.3450000000, 0.0102311735
0.3456250000, 0.0101134528
0.3462500000, 0.0099979159
0.3468750000, 0.0098845086
0.3475000000, 0.0097731783
0.3481250000, 0.0096638739
0.3487500000, 0.0095565460
0.3493750000, 0.0094511468
0.3500000000, 0.0093476297
0.3506250000, 0.0092459499
0.3512500000, 0.0091460635
0.3518750000, 0.0090479283
0.3525000000, 0.0089515032
0.3531250000, 0.0088567481
0.3537500000, 0.0087636246
0.3543750000, 0.0086720949
0.3550000000, 0.0085821227
0.3556250000, 0.0084936724
0.3562500000, 0.0084067096
0.3568750000, 0.0083212011
0.3575000000, 0.0082371142
0.3581250000, 0.0081544174
0.3587500000, 0.0080730800
0.3593750000, 0.0079930724
0.3600000000, 0.0079143654
0.3606250000, 0.0078369310
0.3612500000, 0.0077607416
0.3618750000, 0.0076857707
0.3625000000, 0.0076119924
0.3631250000, 0.0075393814
0.3637500000, 0.0074679131
0.3643750000, 0.0073975638
0.3650000000, 0.0073283102
0.3656250000, 0.0072601296
0.3662500000, 0.0071930000
0.3668750000, 0.0071269000
0.3675000000, 0.0070618087
0.3681250000, 0.0069977057
0.3687500000, 0.0069345712
0.3693750000, 0.0068723860
0.3700000000, 0.0068111312
0.3706250000, 0.0067507885
0.3712500000, 0.0066913400
0.3718750000, 0.0066327683
0.3725000000, 0.0065750565
0.3731250000, 0.0065181880
0.3737500000, 0.0064621466
0.3743750000, 0.0064069167
0.3750000000, 0.0063524829
0.3756250000, 0.0062988303
0.3762500000, 0.0062459441
0.3768750000, 0.0061938103
0.3775000000, 0.0061424150
0.3781250000, 0.0060917445
0.3787500000, 0.0060417856
0.3793750000, 0.0059925254
0.3800000000, 0.0059439514
0.3806250000, 0.0058960513
0.3812500000, 0.0058488130
0.3818750000, 0.0058022248
0.3825000000, 0.0057562752
0.3831250000, 0.0057109532
0.3837500000, 0.0056662478
0.3843750000, 0.0056221483
0.3850000000, 0.0055786443
0.3856250000, 0.0055357257
0.3862500000, 0.0054933826
0.3868750000, 0.0054516052
0.3875000000, 0.0054103841
0.3881250000, 0.0053697100
0.3887500000, 0.0053295739
0.3893750000, 0.0052899669
0.3900000000, 0.0052508804
0.3906250000, 0.0052123061
0.3912500000, 0.0051742355
0.3918750000, 0.0051366607
0.3925000000, 0.0050995738
0.3931250000, 0.0050629671
0.3937500000, 0.0050268331
0.3943750000, 0.0049911645
0.3950000000, 0.0049559540
0.3956250000, 0.0049211946
0.3962500000, 0.0048868794
0.3968750000, 0.0048530019
0.3975000000, 0.0048195553
0.3981250000, 0.0047865333
0.3987500000, 0.0047539296
0.3993750000, 0.0047217381
0.4000000000, 0.0046899528
0.4006250000, 0.0046585679
0.4012500000, 0.0046275776
0.4018750000, 0.0045969764
0.4025000000, 0.0045667588
0.4031250000, 0.0045369194
0.4037500000, 0.0045074531
0.4043750000, 0.0044783548
0.4050000000, 0.0044496194
0.4056250000, 0.0044212421
0.4062500000, 0.0043932182
0.4068750000, 0.0043655430
0.4075000000, 0.0043382120
0.4081250000, 0.0043112208
0.4087500000, 0.0042845650
0.4093750000, 0.0042582404
0.4100000000, 0.0042322430
0.4106250000, 0.0042065687
0.4112500000, 0.0041812136
0.4118750000, 0.0041561738
0.4125000000, 0.0041314456
0.4131250000, 0.0041070255
0.4137500000, 0.0040829099
0.4143750000, 0.0040590952
0.4150000000, 0.0040355783
0.4156250000, 0.0040123557
0.4162500000, 0.0039894243
0.4168750000, 0.0039667810
0.4175000000, 0.0039444228
0.4181250000, 0.0039223468
0.4187500000, 0.0039005501
0.4193750000, 0.0038790300
0.4200000000, 0.0038577838
0.4206250000, 0.0038368088
0.4212500000, 0.0038161027
0.4218750000, 0.0037956628
0.4225000000, 0.0037754870
0.4231250000, 0.0037555728
0.4237500000, 0.0037359182
0.4243750000, 0.0037165209
0.4250000000, 0.0036973790
0.4256250000, 0.0036784905
0.4262500000, 0.0036598535
0.4268750000, 0.0036414662
0.4275000000, 0.0036233268
0.4281250000, 0.0036054338
0.4287500000, 0.0035877855
0.4293750000, 0.0035703804
0.4300000000, 0.0035532172
0.4306250000, 0.0035362945
0.4312500000, 0.0035196110
0.4318750000, 0.0035031656
0.4325000000, 0.0034869571
0.4331250000, 0.0034709846
0.4337500000, 0.0034552471
0.4343750000, 0.0034397438
0.4350000000, 0.0034244739
0.4356250000, 0.0034094367
0.4362500000, 0.0033946317
0.4368750000, 0.0033800582
0.4375000000, 0.0033657159
0.4381250000, 0.0033516045
0.4387500000, 0.0033377237
0.4393750000, 0.0033240734
0.4400000000, 0.0033106536
0.4406250000, 0.0032974641
0.4412500000, 0.0032845053
0.4418750000, 0.0032717773
0.4425000000, 0.0032592805
0.4431250000, 0.0032470154
0.4437500000, 0.0032349824
0.4443750000, 0.0032231823
0.4450000000, 0.0032116159
0.4456250000, 0.0032002840
0.4462500000, 0.0031891877
0.4468750000, 0.0031783281
0.4475000000, 0.0031677065
0.4481250000, 0.0031573242
0.4487500000, 0.0031471829
0.4493750000, 0.0031372841
0.4500000000, 0.0031276298