0.1500000000, 0.0035845403
0.1506250000, 0.0036474971
0.1512500000, 0.0037117253
0.1518750000, 0.0037772575
0.1525000000, 0.0038441274
0.1531250000, 0.0039123697
0.1537500000, 0.0039820201
0.1543750000, 0.0040531157
0.1550000000, 0.0041256946
0.1556250000, 0.0041997963
0.1562500000, 0.0042754614
0.1568750000, 0.0043527320
0.1575000000, 0.0044316517
0.1581250000, 0.0045122652
0.1587500000, 0.0045946192
0.1593750000, 0.0046787615
0.1600000000, 0.0047647418
0.1606250000, 0.0048526116
0.1612500000, 0.0049424239
0.1618750000, 0.0050342337
0.1625000000, 0.0051280980
0.1631250000, 0.0052240756
0.1637500000, 0.0053222277
0.1643750000, 0.0054226174
0.1650000000, 0.0055253101
0.1656250000, 0.0056303738
0.1662500000, 0.0057378788
0.1668750000, 0.0058478979
0.1675000000, 0.0059605067
0.1681250000, 0.0060757838
0.1687500000, 0.0061938104
0.1693750000, 0.0063146710
0.1700000000, 0.0064384533
0.1706250000, 0.0065652481
0.1712500000, 0.0066951501
0.1718750000, 0.0068282574
0.1725000000, 0.0069646721
0.1731250000, 0.0071045001
0.1737500000, 0.0072478518
0.1743750000, 0.0073948419
0.1750000000, 0.0075455896
0.1756250000, 0.0077002190
0.1762500000, 0.0078588595
0.1768750000, 0.0080216454
0.1775000000, 0.0081887171
0.1781250000, 0.0083602205
0.1787500000, 0.0085363078
0.1793750000, 0.0087171375
0.1800000000, 0.0089028753
0.1806250000, 0.0090936937
0.1812500000, 0.0092897727
0.1818750000, 0.0094913006
0.1825000000, 0.0096984735
0.1831250000, 0.0099114968
0.1837500000, 0.0101305846
0.1843750000, 0.0103559612
0.1850000000, 0.0105878609
0.1856250000, 0.0108265290
0.1862500000, 0.0110722219
0.1868750000, 0.0113252084
0.1875000000, 0.0115857700
0.1881250000, 0.0118542013
0.1887500000, 0.0121308116
0.1893750000, 0.0124159249
0.1900000000, 0.0127098813
0.1906250000, 0.0130130376
0.1912500000, 0.0133257685
0.1918750000, 0.0136484677
0.1925000000, 0.0139815489
0.1931250000, 0.0143254470
0.1937500000, 0.0146806195
0.1943750000, 0.0150475478
0.1950000000, 0.0154267390
0.1956250000, 0.0158187271
0.1962500000, 0.0162240748
0.1968750000, 0.0166433757
0.1975000000, 0.0170772559
0.1981250000, 0.0175263761
0.1987500000, 0.0179914346
0.1993750000, 0.0184731687
0.2000000000, 0.0189723583
0.2006250000, 0.0194898282
0.2012500000, 0.0200264516
0.2018750000, 0.0205831532
0.2025000000, 0.0211609129
0.2031250000, 0.0217607697
0.2037500000, 0.0223838260
0.2043750000, 0.0230312523
0.2050000000, 0.0237042917
0.2056250000, 0.0244042661
0.2062500000, 0.0251325813
0.2068750000, 0.0258907337
0.2075000000, 0.0266803174
0.2081250000, 0.0275030312
0.2087500000, 0.0283606875
0.2093750000, 0.0292552206
0.2100000000, 0.0301886968
0.2106250000, 0.0311633250
0.2112500000, 0.0321814682
0.2118750000, 0.0332456562
0.2125000000, 0.0343585998
0.2131250000, 0.0355232056
0.2137500000, 0.0367425930
0.2143750000, 0.0380201122
0.2150000000, 0.0393593646
0.2156250000, 0.0407642247
0.2162500000, 0.0422388644
0.2168750000, 0.0437877797
0.2175000000, 0.0454158198
0.2181250000, 0.0471282201
0.2187500000, 0.0489306374
0.2193750000, 0.0508291892
0.2200000000, 0.0528304977
0.2206250000, 0.0549417371
0.2212500000, 0.0571706876
0.2218750000, 0.0595257928
0.2225000000, 0.0620162251
0.2231250000, 0.0646519576
0.2237500000, 0.0674438425
0.2243750000, 0.0704036988
0.2250000000, 0.0735444091
0.2256250000, 0.0768800253
0.2262500000, 0.0804258866
0.2268750000, 0.0841987482
0.2275000000, 0.0882169229
0.2281250000, 0.0925004358
0.2287500000, 0.0970711939
0.2293750000, 0.1019531692
0.2300000000, 0.1071725956
0.2306250000, 0.1127581826
0.2312500000, 0.1187413365
0.2318750000, 0.1251563966
0.2325000000, 0.1320408730
0.2331250000, 0.1394356848
0.2337500000, 0.1473853881
0.2343750000, 0.1559383780
0.2350000000, 0.1651470473
0.2356250000, 0.1750678725
0.2362500000, 0.1857613934
0.2368750000, 0.1972920343
0.2375000000, 0.2097277027
0.2381250000, 0.2231390807
0.2387500000, 0.2375985020
0.2393750000, 0.2531782748
0.2400000000, 0.2699482853
0.2406250000, 0.2879726860
0.2412500000, 0.3073054382
0.2418750000, 0.3279844739
0.2425000000, 0.3500242508
0.2431250000, 0.3734065262
0.2437500000, 0.3980693263
0.2443750000, 0.4238942852
0.2450000000, 0.4506929466
0.2456250000, 0.4781930925
0.2462500000, 0.5060268684
0.2468750000, 0.5337231591
0.2475000000, 0.5607073199
0.2481250000, 0.5863115593
0.2487500000, 0.6097988326
0.2493750000, 0.6304015580
0.2500000000, 0.6473738800
0.2506250000, 0.6600528196
0.2512500000, 0.6679203185
0.2518750000, 0.6706561821
0.2525000000, 0.6681721835
0.2531250000, 0.6606206449
0.2537500000, 0.6483758537
0.2543750000, 0.6319922659
0.2550000000, 0.6121477499
0.2556250000, 0.5895818715
0.2562500000, 0.5650384986
0.2568750000, 0.5392192275
0.2575000000, 0.5127507913
0.2581250000, 0.4861665500
0.2587500000, 0.4599000915
0.2593750000, 0.4342879336
0.2600000000, 0.4095781879
0.2606250000, 0.3859424285
0.2612500000, 0.3634886770
0.2618750000, 0.3422740707
0.2625000000, 0.3223163665
0.2631250000, 0.3036038674
0.2637500000, 0.2861036707
0.2643750000, 0.2697683010
0.2650000000, 0.2545409116
0.2656250000, 0.2403592547
0.2662500000, 0.2271586486
0.2668750000, 0.2148741321
0.2675000000, 0.2034419879
0.2681250000, 0.1928007721
0.2687500000, 0.1828919811
0.2693750000, 0.1736604408
0.2700000000, 0.1650544959
0.2706250000, 0.1570260566
0.2712500000, 0.1495305466
0.2718750000, 0.1425267836
0.2725000000, 0.1359768163
0.2731250000, 0.1298457377
0.2737500000, 0.1241014845
0.2743750000, 0.1187146352
0.2750000000, 0.1136582077
0.2756250000, 0.1089074665
0.2762500000, 0.1044397378
0.2768750000, 0.1002342372
0.2775000000, 0.0962719068
0.2781250000, 0.0925352662
0.2787500000, 0.0890082742
0.2793750000, 0.0856762027
0.2800000000, 0.0825255207
0.2806250000, 0.0795437879
0.2812500000, 0.0767195597
0.2818750000, 0.0740422984
0.2825000000, 0.0715022941
0.2831250000, 0.0690905930
0.2837500000, 0.0667989303
0.2843750000, 0.0646196716
0.2850000000, 0.0625457592
0.2856250000, 0.0605706619
0.2862500000, 0.0586883309
0.2868750000, 0.0568931603
0.2875000000, 0.0551799484
0.2881250000, 0.0535438661
0.2887500000, 0.0519804257
0.2893750000, 0.0504854530
0.2900000000, 0.0490550627
0.2906250000, 0.0476856352
0.2912500000, 0.0463737956
0.2918750000, 0.0451163949
0.2925000000, 0.0439104922
0.2931250000, 0.0427533391
0.2937500000, 0.0416423649
0.2943750000, 0.0405751636
0.2950000000, 0.0395494809
0.2956250000, 0.0385632044
0.2962500000, 0.0376143517
0.2968750000, 0.0367010626
0.2975000000, 0.0358215888
0.2981250000, 0.0349742875
0.2987500000, 0.0341576131
0.2993750000, 0.0333701104
0.3000000000, 0.0326104090
0.3006250000, 0.0318772173
0.3012500000, 0.0311693170
0.3018750000, 0.0304855582
0.3025000000, 0.0298248556
0.3031250000, 0.0291861832
0.3037500000, 0.0285685712
0.3043750000, 0.0279711022
0.3050000000, 0.0273929080
0.3056250000, 0.0268331662
0.3062500000, 0.0262910977
0.3068750000, 0.0257659638
0.3075000000, 0.0252570637
0.3081250000, 0.0247637323
0.3087500000, 0.0242853384
0.3093750000, 0.0238212819
0.3100000000, 0.0233709927
0.3106250000, 0.0229339287
0.3112500000, 0.0225095738
0.3118750000, 0.0220974371
0.3125000000, 0.0216970510
0.3131250000, 0.0213079700
0.3137500000, 0.0209297694
0.3143750000, 0.0205620444
0.3150000000, 0.0202044087
0.3156250000, 0.0198564937
0.3162500000, 0.0195179474
0.3168750000, 0.0191884336
0.3175000000, 0.0188676310
0.3181250000, 0.0185552326
0.3187500000, 0.0182509446
0.3193750000, 0.0179544862
0.3200000000, 0.0176655885
0.3206250000, 0.0173839939
0.3212500000, 0.0171094560
0.3218750000, 0.0168417385
0.3225000000, 0.0165806151
0.3231250000, 0.0163258687
0.3237500000, 0.0160772911
0.3243750000, 0.0158346825
0.3250000000, 0.0155978512
0.3256250000, 0.0153666133
0.3262500000, 0.0151407919
0.3268750000, 0.0149202174
0.3275000000, 0.0147047263
0.3281250000, 0.0144941620
0.3287500000, 0.0142883736
0.3293750000, 0.0140872160
0.3300000000, 0.0138905496
0.3306250000, 0.0136982402
0.3312500000, 0.0135101583
0.3318750000, 0.0133261795
0.3325000000, 0.0131461837
0.3331250000, 0.0129700553
0.3337500000, 0.0127976830
0.3343750000, 0.0126289595
0.3350000000, 0.0124637810
0.3356250000, 0.0123020478
0.3362500000, 0.0121436634
0.3368750000, 0.0119885348
0.3375000000, 0.0118365724
0.3381250000, 0.0116876893
0.3387500000, 0.0115418020
0.3393750000, 0.0113988295
0.3400000000, 0.0112586937
0.3406250000, 0.0111213192
0.3412500000, 0.0109866328
0.3418750000, 0.0108545642
0.3425000000, 0.0107250449
0.3431250000, 0.0105980091
0.3437500000, 0.0104733928
0.3443750000, 0.0103511342
0.3450000000, 0.0102311735
0.3456250000, 0.0101134528
0.3462500000, 0.0099979159
0.3468750000, 0.0098845086
0.3475000000, 0.0097731783
0.3481250000, 0.0096638739
0.3487500000, 0.0095565460
0.3493750000, 0.0094511468
0.3500000000, 0.0093476297
0.3506250000, 0.0092459499
0.3512500000, 0.0091460635
0.3518750000, 0.0090479283
0.3525000000, 0.0089515032
0.3531250000, 0.0088567481
0.3537500000, 0.0087636246
0.3543750000, 0.0086720949
0.3550000000, 0.0085821227
0.3556250000, 0.0084936724
0.3562500000, 0.0084067096
0.3568750000, 0.0083212011
0.3575000000, 0.0082371142
0.3581250000, 0.0081544174
0.3587500000, 0.0080730800
0.3593750000, 0.0079930724
0.3600000000, 0.0079143654
0.3606250000, 0.0078369310
0.3612500000, 0.0077607416
0.3618750000, 0.0076857707
0.3625000000, 0.0076119924
0.3631250000, 0.0075393814
0.3637500000, 0.0074679131
0.3643750000, 0.0073975638
0.3650000000, 0.0073283102
0.3656250000, 0.0072601296
0.3662500000, 0.0071930000
0.3668750000, 0.0071269000
0.3675000000, 0.0070618087
0.3681250000, 0.0069977057
0.3687500000, 0.0069345712
0.3693750000, 0.0068723860
0.3700000000, 0.0068111312
0.3706250000, 0.0067507885
0.3712500000, 0.0066913400
0.3718750000, 0.0066327683
0.3725000000, 0.0065750565
0.3731250000, 0.0065181880
0.3737500000, 0.0064621466
0.3743750000, 0.0064069167
0.3750000000, 0.0063524829
0.3756250000, 0.0062988303
0.3762500000, 0.0062459441
0.3768750000, 0.0061938103
0.3775000000, 0.0061424150
0.3781250000, 0.0060917445
0.3787500000, 0.0060417856
0.3793750000, 0.0059925254
0.3800000000, 0.0059439514
0.3806250000, 0.0058960513
0.3812500000, 0.0058488130
0.3818750000, 0.0058022248
0.3825000000, 0.0057562752
0.3831250000, 0.0057109532
0.3837500000, 0.0056662478
0.3843750000, 0.0056221483
0.3850000000, 0.0055786443
0.3856250000, 0.0055357257
0.3862500000, 0.0054933826
0.3868750000, 0.0054516052
0.3875000000, 0.0054103841
0.3881250000, 0.0053697100
0.3887500000, 0.0053295739
0.3893750000, 0.0052899669
0.3900000000, 0.0052508804
0.3906250000, 0.0052123061
0.3912500000, 0.0051742355
0.3918750000, 0.0051366607
0.3925000000, 0.0050995738
0.3931250000, 0.0050629671
0.3937500000, 0.0050268331
0.3943750000, 0.0049911645
0.3950000000, 0.0049559540
0.3956250000, 0.0049211946
0.3962500000, 0.0048868794
0.3968750000, 0.0048530019
0.3975000000, 0.0048195553
0.3981250000, 0.0047865333
0.3987500000, 0.0047539296
0.3993750000, 0.0047217381
0.4000000000, 0.0046899528